SIZE        36X36X1
LINE_NUM    37
LINE#1 (0,0,1) (9,20,1)
LINE#2 (0,1,1) (7,12,1)
LINE#3 (7,7,1) (4,23,1)
LINE#4 (0,23,1) (35,0,1)
LINE#5 (30,11,1) (10,23,1)
LINE#6 (14,8,1) (4,24,1)
LINE#7 (13,11,1) (7,8,1)
LINE#8 (8,8,1) (13,10,1)
LINE#9 (9,9,1) (24,15,1)
LINE#10 (9,8,1) (3,24,1)
LINE#11 (33,22,1) (2,24,1)
LINE#12 (26,22,1) (26,26,1)
LINE#13 (26,23,1) (20,30,1)
LINE#14 (27,24,1) (30,29,1)
LINE#15 (26,24,1) (27,29,1)
LINE#16 (28,25,1) (28,29,1)
LINE#17 (29,25,1) (29,29,1)
LINE#18 (18,31,1) (18,29,1)
LINE#19 (18,30,1) (4,30,1)
LINE#20 (7,25,1) (9,5,1)
LINE#21 (7,24,1) (8,5,1)
LINE#22 (16,11,1) (11,19,1)
LINE#23 (16,12,1) (12,22,1)
LINE#24 (16,13,1) (7,3,1)
LINE#25 (7,4,1) (17,20,1)
LINE#26 (6,4,1) (6,18,1)
LINE#27 (16,15,1) (16,20,1)
LINE#28 (5,15,1) (15,20,1)
LINE#29 (5,16,1) (14,20,1)
LINE#30 (5,17,1) (13,20,1)
LINE#31 (13,2,1) (13,6,1)
LINE#32 (13,4,1) (26,14,1)
LINE#33 (13,3,1) (22,3,1)
LINE#34 (30,4,1) (13,5,1)
LINE#35 (25,5,1) (30,5,1)
LINE#36 (27,5,1) (29,5,1)
LINE#37 (35,35,1) (0,35,1)
