SIZE        36X36X1
LINE_NUM    57
LINE#1 (0,0,1) (35,35,1)
LINE#2 (0,1,1) (34,35,1)
LINE#3 (0,2,1) (31,6,1)
LINE#4 (10,10,1) (1,16,1)
LINE#5 (22,6,1) (10,11,1)
LINE#6 (11,11,1) (20,15,1)
LINE#7 (11,14,1) (13,14,1)
LINE#8 (11,15,1) (13,15,1)
LINE#9 (12,12,1) (11,16,1)
LINE#10 (13,12,1) (20,14,1)
LINE#11 (19,13,1) (15,14,1)
LINE#12 (16,14,1) (19,14,1)
LINE#13 (19,22,1) (25,22,1)
LINE#14 (2,15,1) (33,17,1)
LINE#15 (7,5,1) (2,14,1)
LINE#16 (11,4,1) (6,7,1)
LINE#17 (4,6,1) (6,6,1)
LINE#18 (4,5,1) (6,5,1)
LINE#19 (19,4,1) (8,16,1)
LINE#20 (8,12,1) (8,15,1)
LINE#21 (7,11,1) (8,13,1)
LINE#22 (6,11,1) (8,14,1)
LINE#23 (18,4,1) (8,7,1)
LINE#24 (17,4,1) (17,6,1)
LINE#25 (15,5,1) (17,5,1)
LINE#26 (32,3,1) (28,12,1)
LINE#27 (32,4,1) (28,13,1)
LINE#28 (28,4,1) (28,10,1)
LINE#29 (28,5,1) (28,9,1)
LINE#30 (1,19,1) (12,30,1)
LINE#31 (2,23,1) (1,25,1)
LINE#32 (15,31,1) (28,33,1)
LINE#33 (10,31,1) (12,33,1)
LINE#34 (7,28,1) (11,32,1)
LINE#35 (4,27,1) (6,27,1)
LINE#36 (5,27,1) (8,30,1)
LINE#37 (11,28,1) (26,31,1)
LINE#38 (22,26,1) (26,30,1)
LINE#39 (21,28,1) (25,31,1)
LINE#40 (15,29,1) (16,31,1)
LINE#41 (16,30,1) (19,30,1)
LINE#42 (17,25,1) (34,34,1)
LINE#43 (29,19,1) (34,26,1)
LINE#44 (29,20,1) (33,20,1)
LINE#45 (31,21,1) (32,22,1)
LINE#46 (33,21,1) (33,25,1)
LINE#47 (18,20,1) (31,34,1)
LINE#48 (32,27,1) (33,34,1)
LINE#49 (33,28,1) (33,33,1)
LINE#50 (18,24,1) (30,34,1)
LINE#51 (26,25,1) (29,26,1)
LINE#52 (26,24,1) (28,25,1)
LINE#53 (2,19,1) (2,21,1)
LINE#54 (2,20,1) (15,24,1)
LINE#55 (3,21,1) (12,24,1)
LINE#56 (14,21,1) (13,24,1)
LINE#57 (14,22,1) (14,24,1)
