SIZE        10X36X1
LINE_NUM    20
LINE#1 (4,0,1) (0,35,1)
LINE#2 (3,6,1) (0,7,1)
LINE#3 (1,6,1) (3,7,1)
LINE#4 (3,14,1) (0,15,1)
LINE#5 (1,14,1) (3,15,1)
LINE#6 (3,22,1) (0,23,1)
LINE#7 (1,22,1) (3,23,1)
LINE#8 (3,30,1) (0,31,1)
LINE#9 (1,30,1) (3,31,1)
LINE#10 (2,2,1) (9,1,1)
LINE#11 (9,0,1) (9,7,1)
LINE#12 (9,2,1) (8,6,1)
LINE#13 (8,2,1) (7,6,1)
LINE#14 (5,4,1) (1,10,1)
LINE#15 (1,9,1) (2,34,1)
LINE#16 (1,11,1) (6,32,1)
LINE#17 (5,12,1) (1,19,1)
LINE#18 (2,18,1) (5,32,1)
LINE#19 (1,25,1) (4,26,1)
LINE#20 (1,26,1) (4,27,1)
