SIZE        30X30X1
LINE_NUM    29
LINE#1 (0,0,1) (29,29,1)
LINE#2 (0,1,1) (28,29,1)
LINE#3 (0,2,1) (27,29,1)
LINE#4 (0,3,1) (26,29,1)
LINE#5 (0,4,1) (25,29,1)
LINE#6 (0,5,1) (24,29,1)
LINE#7 (0,6,1) (23,29,1)
LINE#8 (0,7,1) (22,29,1)
LINE#9 (0,8,1) (21,29,1)
LINE#10 (0,9,1) (20,29,1)
LINE#11 (0,10,1) (19,29,1)
LINE#12 (0,11,1) (18,29,1)
LINE#13 (0,12,1) (17,29,1)
LINE#14 (0,13,1) (16,29,1)
LINE#15 (0,14,1) (15,29,1)
LINE#16 (0,15,1) (14,29,1)
LINE#17 (0,16,1) (13,29,1)
LINE#18 (0,17,1) (12,29,1)
LINE#19 (0,18,1) (11,29,1)
LINE#20 (0,19,1) (10,29,1)
LINE#21 (0,20,1) (9,29,1)
LINE#22 (0,21,1) (8,29,1)
LINE#23 (0,22,1) (7,29,1)
LINE#24 (0,23,1) (6,29,1)
LINE#25 (0,24,1) (5,29,1)
LINE#26 (0,25,1) (4,29,1)
LINE#27 (0,26,1) (3,29,1)
LINE#28 (0,27,1) (2,29,1)
LINE#29 (0,28,1) (1,29,1)
