SIZE        20X36X1
LINE_NUM    32
LINE#1 (17,2,1) (13,24,1)
LINE#2 (15,3,1) (12,7,1)
LINE#3 (13,4,1) (12,13,1)
LINE#4 (11,5,1) (11,20,1)
LINE#5 (13,9,1) (2,33,1)
LINE#6 (15,8,1) (10,12,1)
LINE#7 (5,7,1) (17,7,1)
LINE#8 (19,6,1) (7,22,1)
LINE#9 (18,4,1) (17,22,1)
LINE#10 (10,14,1) (15,14,1)
LINE#11 (18,24,1) (4,32,1)
LINE#12 (4,21,1) (6,31,1)
LINE#13 (3,19,1) (8,30,1)
LINE#14 (7,28,1) (0,29,1)
LINE#15 (5,23,1) (6,26,1)
LINE#16 (4,27,1) (13,31,1)
LINE#17 (5,18,1) (2,28,1)
LINE#18 (9,23,1) (1,31,1)
LINE#19 (7,6,1) (8,13,1)
LINE#20 (6,4,1) (1,11,1)
LINE#21 (5,2,1) (14,12,1)
LINE#22 (3,3,1) (4,12,1)
LINE#23 (4,5,1) (8,15,1)
LINE#24 (14,28,1) (14,33,1)
LINE#25 (12,29,1) (16,32,1)
LINE#26 (15,23,1) (15,30,1)
LINE#27 (16,16,1) (16,25,1)
LINE#28 (11,22,1) (14,26,1)
LINE#29 (5,9,1) (3,10,1)
LINE#30 (6,11,1) (2,13,1)
LINE#31 (7,17,1) (14,17,1)
LINE#32 (12,18,1) (9,21,1)
