SIZE        36X36X1
LINE_NUM    63
LINE#1 (9,11,1) (2,21,1)
LINE#2 (14,23,1) (21,23,1)
LINE#3 (15,17,1) (20,17,1)
LINE#4 (26,9,1) (33,9,1)
LINE#5 (29,11,1) (29,23,1)
LINE#6 (30,11,1) (30,23,1)
LINE#7 (17,10,1) (16,15,1)
LINE#8 (17,14,1) (15,16,1)
LINE#9 (18,10,1) (19,15,1)
LINE#10 (18,14,1) (20,16,1)
LINE#11 (34,10,1) (2,16,1)
LINE#12 (24,1,1) (34,9,1)
LINE#13 (11,1,1) (1,15,1)
LINE#14 (33,8,1) (2,9,1)
LINE#15 (26,10,1) (33,10,1)
LINE#16 (10,3,1) (4,10,1)
LINE#17 (7,22,1) (1,33,1)
LINE#18 (3,11,1) (10,13,1)
LINE#19 (3,12,1) (10,15,1)
LINE#20 (3,13,1) (5,14,1)
LINE#21 (1,19,1) (8,21,1)
LINE#22 (1,18,1) (8,20,1)
LINE#23 (6,18,1) (8,19,1)
LINE#24 (3,14,1) (0,35,1)
LINE#25 (8,18,1) (9,34,1)
LINE#26 (9,23,1) (2,24,1)
LINE#27 (3,24,1) (8,24,1)
LINE#28 (4,24,1) (7,24,1)
LINE#29 (5,25,1) (6,30,1)
LINE#30 (5,24,1) (6,29,1)
LINE#31 (3,3,1) (9,3,1)
LINE#32 (4,3,1) (8,3,1)
LINE#33 (5,3,1) (7,3,1)
LINE#34 (6,3,1) (6,5,1)
LINE#35 (17,8,1) (16,19,1)
LINE#36 (18,8,1) (19,19,1)
LINE#37 (16,8,1) (19,8,1)
LINE#38 (12,1,1) (23,1,1)
LINE#39 (15,4,1) (14,14,1)
LINE#40 (20,4,1) (21,14,1)
LINE#41 (20,5,1) (20,11,1)
LINE#42 (15,5,1) (15,11,1)
LINE#43 (17,19,1) (14,31,1)
LINE#44 (18,19,1) (21,31,1)
LINE#45 (12,26,1) (23,26,1)
LINE#46 (14,28,1) (21,28,1)
LINE#47 (23,27,1) (22,29,1)
LINE#48 (12,27,1) (13,29,1)
LINE#49 (12,34,1) (23,34,1)
LINE#50 (32,3,1) (27,8,1)
LINE#51 (31,3,1) (26,8,1)
LINE#52 (27,4,1) (31,6,1)
LINE#53 (27,5,1) (31,7,1)
LINE#54 (28,5,1) (30,5,1)
LINE#55 (28,6,1) (30,6,1)
LINE#56 (25,3,1) (34,11,1)
LINE#57 (35,11,1) (26,27,1)
LINE#58 (34,12,1) (27,33,1)
LINE#59 (25,12,1) (31,29,1)
LINE#60 (26,28,1) (25,30,1)
LINE#61 (33,32,1) (34,34,1)
LINE#62 (27,12,1) (32,12,1)
LINE#63 (27,13,1) (32,13,1)
