SIZE        33X33X1
LINE_NUM    51
LINE#1 (19,1,1) (28,1,1)
LINE#2 (29,1,1) (30,10,1)
LINE#3 (31,1,1) (5,27,1)
LINE#4 (28,2,1) (25,10,1)
LINE#5 (29,2,1) (29,10,1)
LINE#6 (21,3,1) (22,4,1)
LINE#7 (22,3,1) (26,10,1)
LINE#8 (2,4,1) (3,5,1)
LINE#9 (3,4,1) (4,5,1)
LINE#10 (4,4,1) (13,4,1)
LINE#11 (21,4,1) (22,9,1)
LINE#12 (25,4,1) (26,9,1)
LINE#13 (2,5,1) (0,27,1)
LINE#14 (16,6,1) (1,11,1)
LINE#15 (17,6,1) (0,21,1)
LINE#16 (18,6,1) (4,15,1)
LINE#17 (19,6,1) (26,6,1)
LINE#18 (14,7,1) (4,11,1)
LINE#19 (19,7,1) (14,27,1)
LINE#20 (20,7,1) (21,13,1)
LINE#21 (17,8,1) (5,9,1)
LINE#22 (17,9,1) (5,11,1)
LINE#23 (25,9,1) (21,30,1)
LINE#24 (4,10,1) (1,31,1)
LINE#25 (6,11,1) (17,11,1)
LINE#26 (21,11,1) (23,11,1)
LINE#27 (29,11,1) (26,29,1)
LINE#28 (30,11,1) (28,14,1)
LINE#29 (21,12,1) (23,12,1)
LINE#30 (4,13,1) (2,30,1)
LINE#31 (14,13,1) (11,18,1)
LINE#32 (6,14,1) (4,31,1)
LINE#33 (23,14,1) (16,26,1)
LINE#34 (17,15,1) (18,30,1)
LINE#35 (5,16,1) (8,22,1)
LINE#36 (8,16,1) (6,18,1)
LINE#37 (10,16,1) (10,25,1)
LINE#38 (12,16,1) (13,25,1)
LINE#39 (18,17,1) (14,30,1)
LINE#40 (9,18,1) (13,18,1)
LINE#41 (7,20,1) (9,27,1)
LINE#42 (11,21,1) (6,25,1)
LINE#43 (12,23,1) (11,27,1)
LINE#44 (8,25,1) (13,30,1)
LINE#45 (7,27,1) (13,29,1)
LINE#46 (0,28,1) (2,31,1)
LINE#47 (15,28,1) (14,29,1)
LINE#48 (15,29,1) (18,29,1)
LINE#49 (22,28,1) (24,28,1)
LINE#50 (27,29,1) (29,29,1)
LINE#51 (25,30,1) (27,30,1)
