SIZE        20X36X1
LINE_NUM    25
LINE#1 (0,0,1) (18,31,1)
LINE#2 (2,1,1) (15,21,1)
LINE#3 (4,2,1) (15,22,1)
LINE#4 (6,3,1) (17,19,1)
LINE#5 (8,4,1) (1,25,1)
LINE#6 (10,5,1) (5,20,1)
LINE#7 (12,6,1) (11,19,1)
LINE#8 (14,7,1) (16,12,1)
LINE#9 (16,8,1) (17,29,1)
LINE#10 (18,9,1) (18,17,1)
LINE#11 (1,26,1) (10,34,1)
LINE#12 (18,1,1) (3,27,1)
LINE#13 (14,24,1) (5,28,1)
LINE#14 (8,11,1) (7,29,1)
LINE#15 (7,25,1) (9,30,1)
LINE#16 (11,11,1) (11,31,1)
LINE#17 (5,12,1) (13,32,1)
LINE#18 (13,15,1) (15,33,1)
LINE#19 (17,18,1) (17,34,1)
LINE#20 (18,16,1) (19,35,1)
LINE#21 (17,6,1) (5,7,1)
LINE#22 (11,12,1) (5,30,1)
LINE#23 (6,18,1) (10,22,1)
LINE#24 (6,23,1) (10,25,1)
LINE#25 (13,24,1) (11,28,1)
