SIZE        35X35X1
LINE_NUM    36
LINE#1 (0,1,1) (2,0,1)
LINE#2 (0,0,1) (1,20,1)
LINE#3 (1,2,1) (3,6,1)
LINE#4 (3,5,1) (2,11,1)
LINE#5 (16,0,1) (33,25,1)
LINE#6 (33,34,1) (25,0,1)
LINE#7 (7,7,1) (23,31,1)
LINE#8 (24,33,1) (34,34,1)
LINE#9 (21,34,1) (1,34,1)
LINE#10 (1,33,1) (22,34,1)
LINE#11 (8,33,1) (11,33,1)
LINE#12 (7,33,1) (12,34,1)
LINE#13 (2,23,1) (3,31,1)
LINE#14 (3,30,1) (4,16,1)
LINE#15 (18,8,1) (5,23,1)
LINE#16 (19,20,1) (17,19,1)
LINE#17 (14,20,1) (9,8,1)
LINE#18 (10,9,1) (15,8,1)
LINE#19 (6,15,1) (12,21,1)
LINE#20 (8,19,1) (9,17,1)
LINE#21 (10,12,1) (25,25,1)
LINE#22 (6,9,1) (7,11,1)
LINE#23 (28,6,1) (26,26,1)
LINE#24 (31,29,1) (28,5,1)
LINE#25 (31,28,1) (6,27,1)
LINE#26 (6,12,1) (7,9,1)
LINE#27 (18,28,1) (7,27,1)
LINE#28 (19,28,1) (18,29,1)
LINE#29 (18,27,1) (23,28,1)
LINE#30 (26,29,1) (20,23,1)
LINE#31 (23,5,1) (25,28,1)
LINE#32 (22,21,1) (12,3,1)
LINE#33 (24,22,1) (4,2,1)
LINE#34 (7,4,1) (20,4,1)
LINE#35 (21,21,1) (21,6,1)
LINE#36 (0,34,1) (0,22,1)
