SIZE 21X28X2
LINE_NUM 18
LINE#1 (3,3,2) (20,5,1)
LINE#2 (0,7,1) (3,9,2)
LINE#3 (3,10,2) (14,16,1)
LINE#4 (6,14,1) (3,15,2)
LINE#5 (4,9,1) (3,20,2)
LINE#6 (3,24,2) (2,26,1)
LINE#7 (11,3,2) (19,12,1)
LINE#8 (11,8,2) (10,17,1)
LINE#9 (16,11,1) (11,11,2)
LINE#10 (11,15,2) (9,20,1)
LINE#11 (3,19,1) (11,19,2)
LINE#12 (9,4,1) (11,23,2)
LINE#13 (15,3,2) (3,14,1)
LINE#14 (10,5,1) (15,8,2)
LINE#15 (15,11,2) (19,15,1)
LINE#16 (19,16,1) (15,15,2)
LINE#17 (15,19,2) (19,24,1)
LINE#18 (4,25,1) (15,23,2)

