SIZE 36X36X8
LINE_NUM 40
LINE#1 (0,0,1) (0,0,8)
LINE#2 (0,35,1) (0,35,8)
LINE#3 (35,35,1) (35,35,8)
LINE#4 (35,0,1) (35,0,8)
LINE#5 (0,0,2) (0,0,7)
LINE#6 (0,11,2) (0,11,7)
LINE#7 (0,23,2) (0,23,7)
LINE#8 (0,35,2) (0,35,7)
LINE#9 (11,35,2) (11,35,7)
LINE#10 (23,35,2) (23,35,7)
LINE#11 (35,35,2) (35,35,7)
LINE#12 (35,23,2) (35,23,7)
LINE#13 (35,11,2) (35,11,7)
LINE#14 (35,0,2) (35,0,7)
LINE#15 (23,0,2) (23,0,7)
LINE#16 (11,0,2) (11,0,7)
LINE#17 (0,0,3) (0,0,6)
LINE#18 (0,7,3) (0,7,6)
LINE#19 (0,14,3) (0,14,6)
LINE#20 (0,21,3) (0,21,6)
LINE#21 (0,28,3) (0,28,6)
LINE#22 (0,35,3) (0,35,6)
LINE#23 (7,35,3) (7,35,6)
LINE#24 (14,35,3) (14,35,6)
LINE#25 (21,35,3) (21,35,6)
LINE#26 (28,35,3) (28,35,6)
LINE#27 (35,35,3) (35,35,6)
LINE#28 (35,28,3) (35,28,6)
LINE#29 (35,21,3) (35,21,6)
LINE#30 (35,14,3) (35,14,6)
LINE#31 (35,7,3) (35,7,6)
LINE#32 (35,0,3) (35,0,6)
LINE#33 (28,0,3) (28,0,6)
LINE#34 (21,0,3) (21,0,6)
LINE#35 (14,0,3) (14,0,6)
LINE#36 (7,0,3) (7,0,6)
LINE#37 (0,17,4) (35,17,4)
LINE#38 (0,18,4) (35,18,4)
LINE#39 (17,0,5) (17,35,5)
LINE#40 (18,0,5) (18,35,5)
