SIZE 36X36X1
LINE_NUM 51
LINE#1 (35,16,1) (35,34,1)
LINE#2 (26,17,1) (35,33,1)
LINE#3 (35,17,1) (35,31,1)
LINE#4 (29,18,1) (35,29,1)
LINE#5 (35,18,1) (35,27,1)
LINE#6 (32,19,1) (35,25,1)
LINE#7 (34,20,1) (35,22,1)
LINE#8 (34,19,1) (35,19,1)
LINE#9 (0,0,1) (8,3,1)
LINE#10 (0,12,1) (8,15,1)
LINE#11 (7,19,1) (0,35,1)
LINE#12 (12,0,1) (4,35,1)
LINE#13 (13,0,1) (35,15,1)
LINE#14 (13,15,1) (34,15,1)
LINE#15 (24,16,1) (35,35,1)
LINE#16 (3,0,1) (0,1,1)
LINE#17 (0,11,1) (0,13,1)
LINE#18 (0,32,1) (1,35,1)
LINE#19 (6,0,1) (2,35,1)
LINE#20 (9,20,1) (0,29,1)
LINE#21 (0,2,1) (10,18,1)
LINE#22 (8,1,1) (1,3,1)
LINE#23 (1,4,1) (10,12,1)
LINE#24 (3,5,1) (10,11,1)
LINE#25 (3,6,1) (10,9,1)
LINE#26 (4,6,1) (10,8,1)
LINE#27 (8,7,1) (9,7,1)
LINE#28 (0,14,1) (0,26,1)
LINE#29 (3,17,1) (0,23,1)
LINE#30 (1,17,1) (0,20,1)
LINE#31 (1,16,1) (0,17,1)
LINE#32 (5,35,1) (32,35,1)
LINE#33 (7,35,1) (30,35,1)
LINE#34 (8,35,1) (28,35,1)
LINE#35 (10,35,1) (26,35,1)
LINE#36 (11,35,1) (24,35,1)
LINE#37 (18,21,1) (13,35,1)
LINE#38 (19,25,1) (14,35,1)
LINE#39 (19,28,1) (16,35,1)
LINE#40 (20,28,1) (17,35,1)
LINE#41 (21,31,1) (19,35,1)
LINE#42 (21,33,1) (20,35,1)
LINE#43 (22,33,1) (23,35,1)
LINE#44 (13,1,1) (13,14,1)
LINE#45 (13,2,1) (13,13,1)
LINE#46 (13,3,1) (13,12,1)
LINE#47 (13,4,1) (13,11,1)
LINE#48 (13,5,1) (13,10,1)
LINE#49 (13,6,1) (13,9,1)
LINE#50 (13,7,1) (28,8,1)
LINE#51 (13,8,1) (27,8,1)

