SIZE 10X10X8
LINE_NUM 43
LINE#1 (0,0,1) (2,1,8)
LINE#2 (9,9,8) (0,9,1)
LINE#3 (4,5,5) (1,9,1)
LINE#4 (2,6,1) (6,3,5)
LINE#5 (3,6,1) (7,9,1)
LINE#6 (8,3,1) (2,5,1)
LINE#7 (9,1,2) (0,9,6)
LINE#8 (8,1,2) (9,4,6)
LINE#9 (4,3,2) (2,1,3)
LINE#10 (5,3,2) (8,7,2)
LINE#11 (4,6,2) (2,7,2)
LINE#12 (6,3,2) (0,4,2)
LINE#13 (6,0,2) (0,2,2)
LINE#14 (2,7,6) (7,6,3)
LINE#15 (9,1,3) (2,1,6)
LINE#16 (7,4,3) (5,9,6)
LINE#17 (5,3,3) (3,7,3)
LINE#18 (8,1,3) (7,9,3)
LINE#19 (2,4,3) (3,6,3)
LINE#20 (1,1,7) (0,4,4)
LINE#21 (9,9,7) (0,9,4)
LINE#22 (4,2,4) (0,9,5)
LINE#23 (6,5,5) (3,4,4)
LINE#24 (2,6,5) (5,7,4)
LINE#25 (7,0,4) (7,9,4)
LINE#26 (8,3,4) (4,7,4)
LINE#27 (9,7,7) (4,8,5)
LINE#28 (3,2,5) (5,8,7)
LINE#29 (3,4,5) (6,6,5)
LINE#30 (8,1,5) (7,9,5)
LINE#31 (0,3,5) (5,3,5)
LINE#32 (5,0,6) (4,6,8)
LINE#33 (8,3,6) (8,9,8)
LINE#34 (8,1,6) (8,8,6)
LINE#35 (8,1,8) (6,9,7)
LINE#36 (5,7,8) (4,6,7)
LINE#37 (2,1,7) (9,2,7)
LINE#38 (8,1,7) (7,2,7)
LINE#39 (5,3,7) (9,8,7)
LINE#40 (5,1,8) (8,7,8)
LINE#41 (6,1,8) (2,6,8)
LINE#42 (6,4,8) (2,7,8)
LINE#43 (2,2,8) (5,4,8)
