SIZE 21X28X2
LINE_NUM 18
LINE#1 (3,3,2) (20,5,1)
LINE#2 (0,7,1) (3,9,2)
LINE#3 (3,10,2) (14,16,1)
LINE#4 (6,14,1) (3,15,2)
LINE#5 (4,9,1) (3,20,2)
LINE#6 (3,24,2) (2,26,1)
LINE#7 (11,3,2) (19,12,1)
LINE#8 (11,8,2) (10,17,1)
LINE#9 (16,11,1) (11,11,2)
LINE#10 (11,15,2) (9,20,1)
LINE#11 (3,19,1) (11,19,2)
LINE#12 (9,4,1) (11,23,2)
LINE#13 (15,3,2) (3,14,1)
LINE#14 (10,5,1) (15,8,2)
LINE#15 (15,11,2) (19,15,1)
LINE#16 (19,16,1) (15,15,2)
LINE#17 (15,19,2) (19,24,1)
LINE#18 (4,25,1) (15,23,2)
VIA#a (8,5,1) (8,5,2) 
VIA#b (8,9,1) (8,9,2) 
VIA#c (8,13,1) (8,13,2) 
VIA#d (8,17,1) (8,17,2) 
VIA#e (8,21,1) (8,21,2) 
VIA#f (8,25,1) (8,25,2) 
VIA#g (12,5,1) (12,5,2) 
VIA#h (12,9,1) (12,9,2) 
VIA#i (12,13,1) (12,13,2) 
VIA#j (12,17,1) (12,17,2) 
VIA#k (12,21,1) (12,21,2) 
VIA#l (12,25,1) (12,25,2) 
VIA#m (16,5,1) (16,5,2) 
VIA#n (16,9,1) (16,9,2) 
VIA#o (16,13,1) (16,13,2) 
VIA#p (16,17,1) (16,17,2) 
VIA#q (16,21,1) (16,21,2) 
VIA#r (16,25,1) (16,25,2) 

