SIZE 17X20X3
LINE_NUM 18
LINE#1 (0,0,1) (16,15,3)
LINE#2 (16,3,1) (13,15,1)
LINE#3 (9,16,1) (5,17,1)
LINE#4 (3,0,1) (7,19,1)
LINE#5 (11,4,1) (15,5,1)
LINE#6 (4,0,1) (16,2,1)
LINE#7 (9,19,1) (16,19,1)
LINE#8 (16,16,1) (8,19,1)
LINE#9 (11,1,1) (16,1,1)
LINE#10 (11,0,1) (16,0,1)
LINE#11 (7,3,1) (7,18,1)
LINE#12 (11,0,2) (16,19,2)
LINE#13 (9,16,3) (5,17,3)
LINE#14 (7,3,3) (7,18,3)
LINE#15 (4,0,3) (16,2,3)
LINE#16 (11,4,3) (15,5,3)
LINE#17 (16,3,3) (13,15,3)
LINE#18 (2,0,1) (1,18,1)
VIA#a (2,1,1) (2,1,2) (2,1,3) 

