SIZE 36X36X1
LINE_NUM 48
LINE#1 (0,0,1) (5,5,1)
LINE#2 (1,1,1) (4,4,1)
LINE#3 (2,2,1) (3,3,1)
LINE#4 (0,7,1) (5,12,1)
LINE#5 (1,8,1) (4,11,1)
LINE#6 (2,9,1) (3,10,1)
LINE#7 (0,14,1) (5,19,1)
LINE#8 (1,15,1) (4,18,1)
LINE#9 (2,16,1) (3,17,1)
LINE#10 (0,21,1) (5,26,1)
LINE#11 (1,22,1) (4,25,1)
LINE#12 (2,23,1) (3,24,1)
LINE#13 (7,0,1) (19,12,1)
LINE#14 (8,1,1) (18,11,1)
LINE#15 (9,2,1) (17,10,1)
LINE#16 (10,3,1) (16,9,1)
LINE#17 (11,4,1) (15,8,1)
LINE#18 (12,5,1) (14,7,1)
LINE#19 (7,14,1) (19,26,1)
LINE#20 (8,15,1) (18,25,1)
LINE#21 (9,16,1) (17,24,1)
LINE#22 (10,17,1) (16,23,1)
LINE#23 (11,18,1) (15,22,1)
LINE#24 (21,0,1) (35,0,1)
LINE#25 (22,1,1) (35,1,1)
LINE#26 (23,2,1) (35,2,1)
LINE#27 (24,3,1) (35,3,1)
LINE#28 (25,4,1) (35,4,1)
LINE#29 (26,5,1) (35,5,1)
LINE#30 (27,6,1) (35,6,1)
LINE#31 (28,7,1) (35,7,1)
LINE#32 (29,8,1) (35,8,1)
LINE#33 (30,9,1) (35,9,1)
LINE#34 (31,10,1) (35,10,1)
LINE#35 (32,11,1) (35,11,1)
LINE#36 (33,12,1) (35,12,1)
LINE#37 (34,13,1) (35,14,1)
LINE#38 (35,15,1) (16,34,1)
LINE#39 (34,16,1) (17,33,1)
LINE#40 (33,17,1) (18,32,1)
LINE#41 (32,18,1) (19,31,1)
LINE#42 (31,19,1) (20,30,1)
LINE#43 (30,20,1) (21,29,1)
LINE#44 (29,21,1) (22,28,1)
LINE#45 (28,22,1) (23,27,1)
LINE#46 (27,23,1) (24,26,1)
LINE#47 (26,24,1) (25,25,1)
LINE#48 (12,19,1) (14,21,1)

