SIZE 30X30X1
LINE_NUM 38
LINE#1 (29,4,1) (0,16,1)
LINE#2 (28,4,1) (1,16,1)
LINE#3 (27,4,1) (2,16,1)
LINE#4 (3,3,1) (3,13,1)
LINE#5 (3,4,1) (3,7,1)
LINE#6 (3,5,1) (8,6,1)
LINE#7 (4,5,1) (8,5,1)
LINE#8 (18,3,1) (18,13,1)
LINE#9 (12,4,1) (12,12,1)
LINE#10 (12,8,1) (16,8,1)
LINE#11 (13,12,1) (18,12,1)
LINE#12 (13,4,1) (18,4,1)
LINE#13 (7,21,1) (9,25,1)
LINE#14 (20,10,1) (19,13,1)
LINE#15 (21,7,1) (20,9,1)
LINE#16 (24,3,1) (21,6,1)
LINE#17 (24,4,1) (25,7,1)
LINE#18 (25,8,1) (26,10,1)
LINE#19 (26,11,1) (26,13,1)
LINE#20 (21,8,1) (24,8,1)
LINE#21 (21,9,1) (24,9,1)
LINE#22 (5,17,1) (3,26,1)
LINE#23 (10,17,1) (8,26,1)
LINE#24 (5,18,1) (6,21,1)
LINE#25 (7,22,1) (8,25,1)
LINE#26 (4,18,1) (6,22,1)
LINE#27 (4,23,1) (4,26,1)
LINE#28 (11,17,1) (18,26,1)
LINE#29 (18,17,1) (12,25,1)
LINE#30 (19,17,1) (22,26,1)
LINE#31 (26,17,1) (23,26,1)
LINE#32 (9,17,1) (9,20,1)
LINE#33 (3,14,1) (29,29,1)
LINE#34 (3,15,1) (28,29,1)
LINE#35 (3,16,1) (27,29,1)
LINE#36 (0,25,1) (26,29,1)
LINE#37 (1,25,1) (26,28,1)
LINE#38 (2,25,1) (26,27,1)

