SIZE 20X20X8
LINE_NUM 118
LINE#1 (19,2,2) (19,4,3)
LINE#2 (0,5,3) (16,12,7)
LINE#3 (17,8,1) (15,4,5)
LINE#4 (12,18,4) (2,2,5)
LINE#5 (12,19,1) (15,14,4)
LINE#6 (16,16,6) (2,1,7)
LINE#7 (19,2,3) (19,0,8)
LINE#8 (15,14,1) (14,19,2)
LINE#9 (9,19,3) (5,2,4)
LINE#10 (19,17,1) (13,9,4)
LINE#11 (8,15,4) (16,16,5)
LINE#12 (19,3,3) (12,7,4)
LINE#13 (11,7,5) (13,18,8)
LINE#14 (18,19,4) (14,16,5)
LINE#15 (15,5,5) (15,5,6)
LINE#16 (10,12,1) (10,12,3)
LINE#17 (14,14,1) (19,19,1)
LINE#18 (0,0,1) (19,2,1)
LINE#19 (0,2,1) (19,4,1)
LINE#20 (19,15,1) (19,18,1)
LINE#21 (0,3,1) (19,5,1)
LINE#22 (0,1,1) (19,3,1)
LINE#23 (15,12,1) (11,19,1)
LINE#24 (0,4,1) (19,14,1)
LINE#25 (0,5,1) (18,14,1)
LINE#26 (17,14,1) (7,19,1)
LINE#27 (6,0,1) (19,0,1)
LINE#28 (11,7,1) (3,19,1)
LINE#29 (17,9,1) (6,19,1)
LINE#30 (4,7,1) (2,19,1)
LINE#31 (9,13,1) (9,19,1)
LINE#32 (2,7,1) (1,19,1)
LINE#33 (5,12,1) (5,18,1)
LINE#34 (1,7,1) (0,19,1)
LINE#35 (0,0,2) (19,0,2)
LINE#36 (0,1,2) (19,1,2)
LINE#37 (0,3,2) (19,3,2)
LINE#38 (0,4,2) (19,4,2)
LINE#39 (0,5,2) (19,5,2)
LINE#40 (0,6,2) (19,6,2)
LINE#41 (0,7,2) (19,7,2)
LINE#42 (0,8,2) (19,8,2)
LINE#43 (0,9,2) (19,10,2)
LINE#44 (0,10,2) (19,19,2)
LINE#45 (0,12,2) (17,19,2)
LINE#46 (0,16,2) (13,19,2)
LINE#47 (0,18,2) (11,19,2)
LINE#48 (0,19,2) (9,19,2)
LINE#49 (14,14,3) (17,19,3)
LINE#50 (15,14,3) (8,19,3)
LINE#51 (19,15,3) (19,19,3)
LINE#52 (0,3,3) (19,5,3)
LINE#53 (15,12,3) (11,19,3)
LINE#54 (0,4,3) (19,14,3)
LINE#55 (17,14,3) (7,19,3)
LINE#56 (6,0,3) (19,0,3)
LINE#57 (17,8,3) (5,19,3)
LINE#58 (17,9,3) (6,19,3)
LINE#59 (4,7,3) (3,19,3)
LINE#60 (2,7,3) (0,19,3)
LINE#61 (13,4,4) (12,13,4)
LINE#62 (11,5,4) (17,19,4)
LINE#63 (5,7,4) (17,7,4)
LINE#64 (18,4,4) (19,19,4)
LINE#65 (1,19,4) (6,19,4)
LINE#66 (5,18,4) (0,19,4)
LINE#67 (7,6,4) (8,13,4)
LINE#68 (6,4,4) (1,11,4)
LINE#69 (16,16,4) (10,19,4)
LINE#70 (5,9,4) (3,10,4)
LINE#71 (6,11,4) (2,13,4)
LINE#72 (7,17,4) (14,17,4)
LINE#73 (1,2,5) (18,16,5)
LINE#74 (4,2,5) (15,16,5)
LINE#75 (15,6,5) (5,13,5)
LINE#76 (11,5,5) (5,11,5)
LINE#77 (11,6,5) (5,10,5)
LINE#78 (5,8,5) (11,8,5)
LINE#79 (8,7,5) (8,9,5)
LINE#80 (0,2,6) (19,16,6)
LINE#81 (1,2,6) (18,16,6)
LINE#82 (2,2,6) (17,16,6)
LINE#83 (4,2,6) (15,16,6)
LINE#84 (5,2,6) (14,16,6)
LINE#85 (15,4,6) (5,15,6)
LINE#86 (15,6,6) (5,13,6)
LINE#87 (11,5,6) (5,11,6)
LINE#88 (11,6,6) (5,10,6)
LINE#89 (5,8,6) (11,8,6)
LINE#90 (8,7,6) (8,9,6)
LINE#91 (19,17,6) (19,19,6)
LINE#92 (13,14,6) (13,16,6)
LINE#93 (8,15,6) (13,15,6)
LINE#94 (4,2,7) (14,19,7)
LINE#95 (6,3,7) (17,19,7)
LINE#96 (8,4,7) (1,19,7)
LINE#97 (10,5,7) (4,19,7)
LINE#98 (12,6,7) (11,19,7)
LINE#99 (16,8,7) (15,19,7)
LINE#100 (18,9,7) (18,17,7)
LINE#101 (18,1,7) (3,19,7)
LINE#102 (8,11,7) (7,19,7)
LINE#103 (11,11,7) (6,19,7)
LINE#104 (13,15,7) (13,19,7)
LINE#105 (17,18,7) (18,19,7)
LINE#106 (18,16,7) (19,19,7)
LINE#107 (17,6,7) (5,7,7)
LINE#108 (11,12,7) (9,19,7)
LINE#109 (6,18,7) (8,19,7)
LINE#110 (1,1,8) (1,19,8)
LINE#111 (3,7,8) (16,15,8)
LINE#112 (13,8,8) (6,15,8)
LINE#113 (8,2,8) (17,6,8)
LINE#114 (11,3,8) (19,5,8)
LINE#115 (2,10,8) (10,13,8)
LINE#116 (19,7,8) (10,19,8)
LINE#117 (19,15,8) (18,19,8)
LINE#118 (5,17,8) (15,19,8)
VIA#a (1,2,2) (1,2,3) 
VIA#b (15,7,3) (15,7,4) (15,7,5) (15,7,6) (15,7,7) 
VIA#c (4,11,1) (4,11,2) (4,11,3) (4,11,4) (4,11,5) 
VIA#d (9,18,4) (9,18,5) 
VIA#e (13,13,1) (13,13,2) (13,13,3) (13,13,4) 
VIA#f (2,11,6) (2,11,7) 
VIA#g (0,0,3) (0,0,4) (0,0,5) (0,0,6) (0,0,7) (0,0,8) 
VIA#h (8,15,1) (8,15,2) 
VIA#i (9,14,3) (9,14,4) 
VIA#j (15,17,1) (15,17,2) (15,17,3) (15,17,4) 
VIA#k (2,5,4) (2,5,5) 
VIA#l (8,2,3) (8,2,4) 
VIA#m (5,9,5) (5,9,6) (5,9,7) (5,9,8) 
VIA#n (16,2,4) (16,2,5) 
VIA#o (3,7,5) (3,7,6) 
VIA#p (10,17,1) (10,17,2) (10,17,3) 

