SIZE 36X36X8
LINE_NUM 40
LINE#1 (0,0,1) (0,0,8)
LINE#2 (0,35,1) (0,35,8)
LINE#3 (35,35,1) (35,35,8)
LINE#4 (35,0,1) (35,0,8)
LINE#5 (0,0,2) (0,0,7)
LINE#6 (0,11,2) (0,11,7)
LINE#7 (0,23,2) (0,23,7)
LINE#8 (0,35,2) (0,35,7)
LINE#9 (11,35,2) (11,35,7)
LINE#10 (23,35,2) (23,35,7)
LINE#11 (35,35,2) (35,35,7)
LINE#12 (35,23,2) (35,23,7)
LINE#13 (35,11,2) (35,11,7)
LINE#14 (35,0,2) (35,0,7)
LINE#15 (23,0,2) (23,0,7)
LINE#16 (11,0,2) (11,0,7)
LINE#17 (0,0,3) (0,0,6)
LINE#18 (0,7,3) (0,7,6)
LINE#19 (0,14,3) (0,14,6)
LINE#20 (0,21,3) (0,21,6)
LINE#21 (0,28,3) (0,28,6)
LINE#22 (0,35,3) (0,35,6)
LINE#23 (7,35,3) (7,35,6)
LINE#24 (14,35,3) (14,35,6)
LINE#25 (21,35,3) (21,35,6)
LINE#26 (28,35,3) (28,35,6)
LINE#27 (35,35,3) (35,35,6)
LINE#28 (35,28,3) (35,28,6)
LINE#29 (35,21,3) (35,21,6)
LINE#30 (35,14,3) (35,14,6)
LINE#31 (35,7,3) (35,7,6)
LINE#32 (35,0,3) (35,0,6)
LINE#33 (28,0,3) (28,0,6)
LINE#34 (21,0,3) (21,0,6)
LINE#35 (14,0,3) (14,0,6)
LINE#36 (7,0,3) (7,0,6)
LINE#37 (0,17,4) (35,17,4)
LINE#38 (0,18,4) (35,18,4)
LINE#39 (17,0,5) (17,35,5)
LINE#40 (18,0,5) (18,35,5)
VIA#aa (17,17,1) (17,17,2) (17,17,3) (17,17,4) (17,17,5) (17,17,6) (17,17,7) (17,17,8) 
VIA#ab (17,18,1) (17,18,2) (17,18,3) (17,18,4) (17,18,5) (17,18,6) (17,18,7) (17,18,8) 
VIA#ac (18,18,1) (18,18,2) (18,18,3) (18,18,4) (18,18,5) (18,18,6) (18,18,7) (18,18,8) 
VIA#ad (18,17,1) (18,17,2) (18,17,3) (18,17,4) (18,17,5) (18,17,6) (18,17,7) (18,17,8) 
VIA#ba (16,16,2) (16,16,3) (16,16,4) (16,16,5) (16,16,6) (16,16,7) 
VIA#bb (16,17,2) (16,17,3) (16,17,4) (16,17,5) (16,17,6) (16,17,7) 
VIA#bc (16,18,2) (16,18,3) (16,18,4) (16,18,5) (16,18,6) (16,18,7) 
VIA#bd (16,19,2) (16,19,3) (16,19,4) (16,19,5) (16,19,6) (16,19,7) 
VIA#be (17,19,2) (17,19,3) (17,19,4) (17,19,5) (17,19,6) (17,19,7) 
VIA#bf (18,19,2) (18,19,3) (18,19,4) (18,19,5) (18,19,6) (18,19,7) 
VIA#bg (19,19,2) (19,19,3) (19,19,4) (19,19,5) (19,19,6) (19,19,7) 
VIA#bh (19,18,2) (19,18,3) (19,18,4) (19,18,5) (19,18,6) (19,18,7) 
VIA#bi (19,17,2) (19,17,3) (19,17,4) (19,17,5) (19,17,6) (19,17,7) 
VIA#bj (19,16,2) (19,16,3) (19,16,4) (19,16,5) (19,16,6) (19,16,7) 
VIA#bk (18,16,2) (18,16,3) (18,16,4) (18,16,5) (18,16,6) (18,16,7) 
VIA#bl (17,16,2) (17,16,3) (17,16,4) (17,16,5) (17,16,6) (17,16,7) 
VIA#ca (15,15,3) (15,15,4) (15,15,5) (15,15,6) 
VIA#cb (15,16,3) (15,16,4) (15,16,5) (15,16,6) 
VIA#cc (15,17,3) (15,17,4) (15,17,5) (15,17,6) 
VIA#cd (15,18,3) (15,18,4) (15,18,5) (15,18,6) 
VIA#ce (15,19,3) (15,19,4) (15,19,5) (15,19,6) 
VIA#cf (15,20,3) (15,20,4) (15,20,5) (15,20,6) 
VIA#cg (16,20,3) (16,20,4) (16,20,5) (16,20,6) 
VIA#ch (17,20,3) (17,20,4) (17,20,5) (17,20,6) 
VIA#ci (18,20,3) (18,20,4) (18,20,5) (18,20,6) 
VIA#cj (19,20,3) (19,20,4) (19,20,5) (19,20,6) 
VIA#ck (20,20,3) (20,20,4) (20,20,5) (20,20,6) 
VIA#cl (20,19,3) (20,19,4) (20,19,5) (20,19,6) 
VIA#cm (20,18,3) (20,18,4) (20,18,5) (20,18,6) 
VIA#cn (20,17,3) (20,17,4) (20,17,5) (20,17,6) 
VIA#co (20,16,3) (20,16,4) (20,16,5) (20,16,6) 
VIA#cp (20,15,3) (20,15,4) (20,15,5) (20,15,6) 
VIA#cq (19,15,3) (19,15,4) (19,15,5) (19,15,6) 
VIA#cr (18,15,3) (18,15,4) (18,15,5) (18,15,6) 
VIA#cs (17,15,3) (17,15,4) (17,15,5) (17,15,6) 
VIA#ct (16,15,3) (16,15,4) (16,15,5) (16,15,6) 

