SIZE 36X36X8
LINE_NUM 14
LINE#1 (15,17,1) (35,35,2)
LINE#2 (16,17,1) (35,34,2)
LINE#3 (17,17,1) (35,35,3)
LINE#4 (18,17,1) (35,34,3)
LINE#5 (19,17,1) (1,34,4)
LINE#6 (20,17,1) (1,35,4)
LINE#7 (21,17,1) (1,34,5)
LINE#8 (15,19,1) (1,35,5)
LINE#9 (16,19,1) (34,0,6)
LINE#10 (17,19,1) (35,0,6)
LINE#11 (18,19,1) (34,0,7)
LINE#12 (19,19,1) (35,0,7)
LINE#13 (20,19,1) (0,1,8)
LINE#14 (21,19,1) (0,0,8)
VIA#aa (0,0,1) (0,0,2) 
VIA#ab (0,1,1) (0,1,2) 
VIA#ba (11,0,1) (11,0,2) (11,0,3) 
VIA#bb (11,1,1) (11,1,2) (11,1,3) 
VIA#ca (23,0,1) (23,0,2) (23,0,3) (23,0,4) 
VIA#cb (23,1,1) (23,1,2) (23,1,3) (23,1,4) 
VIA#da (35,0,1) (35,0,2) (35,0,3) (35,0,4) (35,0,5) 
VIA#db (35,1,1) (35,1,2) (35,1,3) (35,1,4) (35,1,5) 
VIA#ea (0,34,1) (0,34,2) (0,34,3) (0,34,4) (0,34,5) (0,34,6) 
VIA#eb (0,35,1) (0,35,2) (0,35,3) (0,35,4) (0,35,5) (0,35,6) 
VIA#fa (11,34,1) (11,34,2) (11,34,3) (11,34,4) (11,34,5) (11,34,6) (11,34,7) 
VIA#fb (11,35,1) (11,35,2) (11,35,3) (11,35,4) (11,35,5) (11,35,6) (11,35,7) 
VIA#ga (24,34,1) (24,34,2) (24,34,3) (24,34,4) (24,34,5) (24,34,6) (24,34,7) (24,34,8) 
VIA#gb (24,35,1) (24,35,2) (24,35,3) (24,35,4) (24,35,5) (24,35,6) (24,35,7) (24,35,8) 

