SIZE 36X36X8
LINE_NUM 289
LINE#1 (0,0,1) (9,20,1)
LINE#2 (0,1,1) (0,1,3)
LINE#3 (7,7,1) (4,23,1)
LINE#4 (0,23,1) (35,0,1)
LINE#5 (30,11,1) (10,23,1)
LINE#6 (14,8,1) (4,24,1)
LINE#7 (13,11,1) (7,8,1)
LINE#8 (8,8,1) (13,10,1)
LINE#9 (9,9,1) (24,15,1)
LINE#10 (9,8,1) (9,8,4)
LINE#11 (33,22,1) (2,24,1)
LINE#12 (26,22,1) (26,26,1)
LINE#13 (26,23,1) (20,30,1)
LINE#14 (27,24,1) (30,29,1)
LINE#15 (26,24,1) (27,29,1)
LINE#16 (28,25,1) (28,29,1)
LINE#17 (29,25,1) (29,29,1)
LINE#18 (18,31,1) (18,29,1)
LINE#19 (18,30,1) (18,30,8)
LINE#20 (7,25,1) (9,5,1)
LINE#21 (7,24,1) (8,5,1)
LINE#22 (16,11,1) (11,19,1)
LINE#23 (16,12,1) (12,22,1)
LINE#24 (16,13,1) (7,3,1)
LINE#25 (7,4,1) (17,20,1)
LINE#26 (6,4,1) (6,18,1)
LINE#27 (16,15,1) (16,20,1)
LINE#28 (5,15,1) (15,20,1)
LINE#29 (5,16,1) (5,16,6)
LINE#30 (5,17,1) (13,20,1)
LINE#31 (13,2,1) (13,2,5)
LINE#32 (13,4,1) (26,14,1)
LINE#33 (13,3,1) (22,3,1)
LINE#34 (30,4,1) (13,5,1)
LINE#35 (25,5,1) (25,5,7)
LINE#36 (27,5,1) (29,5,1)
LINE#37 (35,35,1) (35,35,2)
LINE#38 (0,0,2) (9,20,2)
LINE#39 (7,7,2) (4,23,2)
LINE#40 (0,23,2) (35,0,2)
LINE#41 (30,11,2) (10,23,2)
LINE#42 (14,8,2) (4,24,2)
LINE#43 (13,11,2) (7,8,2)
LINE#44 (8,8,2) (13,10,2)
LINE#45 (9,9,2) (24,15,2)
LINE#46 (33,22,2) (2,24,2)
LINE#47 (26,22,2) (26,26,2)
LINE#48 (26,23,2) (20,30,2)
LINE#49 (27,24,2) (30,29,2)
LINE#50 (26,24,2) (27,29,2)
LINE#51 (28,25,2) (28,29,2)
LINE#52 (29,25,2) (29,29,2)
LINE#53 (18,31,2) (18,29,2)
LINE#54 (7,25,2) (9,5,2)
LINE#55 (7,24,2) (8,5,2)
LINE#56 (16,11,2) (11,19,2)
LINE#57 (16,12,2) (12,22,2)
LINE#58 (16,13,2) (7,3,2)
LINE#59 (7,4,2) (17,20,2)
LINE#60 (6,4,2) (6,18,2)
LINE#61 (16,15,2) (16,20,2)
LINE#62 (5,15,2) (15,20,2)
LINE#63 (5,17,2) (13,20,2)
LINE#64 (13,4,2) (26,14,2)
LINE#65 (13,3,2) (22,3,2)
LINE#66 (30,4,2) (13,5,2)
LINE#67 (27,5,2) (29,5,2)
LINE#68 (0,0,3) (9,20,3)
LINE#69 (7,7,3) (4,23,3)
LINE#70 (0,23,3) (35,0,3)
LINE#71 (30,11,3) (10,23,3)
LINE#72 (14,8,3) (4,24,3)
LINE#73 (13,11,3) (7,8,3)
LINE#74 (8,8,3) (13,10,3)
LINE#75 (9,9,3) (24,15,3)
LINE#76 (33,22,3) (2,24,3)
LINE#77 (26,22,3) (26,26,3)
LINE#78 (26,23,3) (20,30,3)
LINE#79 (27,24,3) (30,29,3)
LINE#80 (26,24,3) (27,29,3)
LINE#81 (28,25,3) (28,29,3)
LINE#82 (29,25,3) (29,29,3)
LINE#83 (18,31,3) (18,29,3)
LINE#84 (7,25,3) (9,5,3)
LINE#85 (7,24,3) (8,5,3)
LINE#86 (16,11,3) (11,19,3)
LINE#87 (16,12,3) (12,22,3)
LINE#88 (16,13,3) (7,3,3)
LINE#89 (7,4,3) (17,20,3)
LINE#90 (6,4,3) (6,18,3)
LINE#91 (16,15,3) (16,20,3)
LINE#92 (5,15,3) (15,20,3)
LINE#93 (5,17,3) (13,20,3)
LINE#94 (13,4,3) (26,14,3)
LINE#95 (13,3,3) (22,3,3)
LINE#96 (30,4,3) (13,5,3)
LINE#97 (27,5,3) (29,5,3)
LINE#98 (35,35,3) (0,35,3)
LINE#99 (0,0,4) (9,20,4)
LINE#100 (0,1,4) (7,12,4)
LINE#101 (7,7,4) (4,23,4)
LINE#102 (0,23,4) (35,0,4)
LINE#103 (30,11,4) (10,23,4)
LINE#104 (14,8,4) (4,24,4)
LINE#105 (13,11,4) (7,8,4)
LINE#106 (8,8,4) (13,10,4)
LINE#107 (9,9,4) (24,15,4)
LINE#108 (33,22,4) (2,24,4)
LINE#109 (26,22,4) (26,26,4)
LINE#110 (26,23,4) (20,30,4)
LINE#111 (27,24,4) (30,29,4)
LINE#112 (26,24,4) (27,29,4)
LINE#113 (28,25,4) (28,29,4)
LINE#114 (29,25,4) (29,29,4)
LINE#115 (18,31,4) (18,29,4)
LINE#116 (7,25,4) (9,5,4)
LINE#117 (7,24,4) (8,5,4)
LINE#118 (16,11,4) (11,19,4)
LINE#119 (16,12,4) (12,22,4)
LINE#120 (16,13,4) (7,3,4)
LINE#121 (7,4,4) (17,20,4)
LINE#122 (6,4,4) (6,18,4)
LINE#123 (16,15,4) (16,20,4)
LINE#124 (5,15,4) (15,20,4)
LINE#125 (5,17,4) (13,20,4)
LINE#126 (13,4,4) (26,14,4)
LINE#127 (13,3,4) (22,3,4)
LINE#128 (30,4,4) (13,5,4)
LINE#129 (27,5,4) (29,5,4)
LINE#130 (35,35,4) (0,35,4)
LINE#131 (0,0,5) (9,20,5)
LINE#132 (0,1,5) (7,12,5)
LINE#133 (7,7,5) (4,23,5)
LINE#134 (0,23,5) (35,0,5)
LINE#135 (30,11,5) (10,23,5)
LINE#136 (14,8,5) (4,24,5)
LINE#137 (13,11,5) (7,8,5)
LINE#138 (8,8,5) (13,10,5)
LINE#139 (9,9,5) (24,15,5)
LINE#140 (9,8,5) (3,24,5)
LINE#141 (33,22,5) (2,24,5)
LINE#142 (26,22,5) (26,26,5)
LINE#143 (26,23,5) (20,30,5)
LINE#144 (27,24,5) (30,29,5)
LINE#145 (26,24,5) (27,29,5)
LINE#146 (28,25,5) (28,29,5)
LINE#147 (29,25,5) (29,29,5)
LINE#148 (18,31,5) (18,29,5)
LINE#149 (7,25,5) (9,5,5)
LINE#150 (7,24,5) (8,5,5)
LINE#151 (16,11,5) (11,19,5)
LINE#152 (16,12,5) (12,22,5)
LINE#153 (16,13,5) (7,3,5)
LINE#154 (7,4,5) (17,20,5)
LINE#155 (6,4,5) (6,18,5)
LINE#156 (16,15,5) (16,20,5)
LINE#157 (5,15,5) (15,20,5)
LINE#158 (5,17,5) (13,20,5)
LINE#159 (13,4,5) (26,14,5)
LINE#160 (13,3,5) (22,3,5)
LINE#161 (30,4,5) (13,5,5)
LINE#162 (27,5,5) (29,5,5)
LINE#163 (35,35,5) (0,35,5)
LINE#164 (0,0,6) (9,20,6)
LINE#165 (0,1,6) (7,12,6)
LINE#166 (7,7,6) (4,23,6)
LINE#167 (0,23,6) (35,0,6)
LINE#168 (30,11,6) (10,23,6)
LINE#169 (14,8,6) (4,24,6)
LINE#170 (13,11,6) (7,8,6)
LINE#171 (8,8,6) (13,10,6)
LINE#172 (9,9,6) (24,15,6)
LINE#173 (9,8,6) (3,24,6)
LINE#174 (33,22,6) (2,24,6)
LINE#175 (26,22,6) (26,26,6)
LINE#176 (26,23,6) (20,30,6)
LINE#177 (27,24,6) (30,29,6)
LINE#178 (26,24,6) (27,29,6)
LINE#179 (28,25,6) (28,29,6)
LINE#180 (29,25,6) (29,29,6)
LINE#181 (18,31,6) (18,29,6)
LINE#182 (7,25,6) (9,5,6)
LINE#183 (7,24,6) (8,5,6)
LINE#184 (16,11,6) (11,19,6)
LINE#185 (16,12,6) (12,22,6)
LINE#186 (16,13,6) (7,3,6)
LINE#187 (7,4,6) (17,20,6)
LINE#188 (6,4,6) (6,18,6)
LINE#189 (16,15,6) (16,20,6)
LINE#190 (5,15,6) (15,20,6)
LINE#191 (5,17,6) (13,20,6)
LINE#192 (13,2,6) (13,6,6)
LINE#193 (13,4,6) (26,14,6)
LINE#194 (13,3,6) (22,3,6)
LINE#195 (30,4,6) (13,5,6)
LINE#196 (27,5,6) (29,5,6)
LINE#197 (35,35,6) (0,35,6)
LINE#198 (0,0,7) (9,20,7)
LINE#199 (0,1,7) (7,12,7)
LINE#200 (7,7,7) (4,23,7)
LINE#201 (0,23,7) (35,0,7)
LINE#202 (30,11,7) (10,23,7)
LINE#203 (14,8,7) (4,24,7)
LINE#204 (13,11,7) (7,8,7)
LINE#205 (8,8,7) (13,10,7)
LINE#206 (9,9,7) (24,15,7)
LINE#207 (9,8,7) (3,24,7)
LINE#208 (33,22,7) (2,24,7)
LINE#209 (26,22,7) (26,26,7)
LINE#210 (26,23,7) (20,30,7)
LINE#211 (27,24,7) (30,29,7)
LINE#212 (26,24,7) (27,29,7)
LINE#213 (28,25,7) (28,29,7)
LINE#214 (29,25,7) (29,29,7)
LINE#215 (18,31,7) (18,29,7)
LINE#216 (7,25,7) (9,5,7)
LINE#217 (7,24,7) (8,5,7)
LINE#218 (16,11,7) (11,19,7)
LINE#219 (16,12,7) (12,22,7)
LINE#220 (16,13,7) (7,3,7)
LINE#221 (7,4,7) (17,20,7)
LINE#222 (6,4,7) (6,18,7)
LINE#223 (16,15,7) (16,20,7)
LINE#224 (5,15,7) (15,20,7)
LINE#225 (5,16,7) (14,20,7)
LINE#226 (5,17,7) (13,20,7)
LINE#227 (13,2,7) (13,6,7)
LINE#228 (13,4,7) (26,14,7)
LINE#229 (13,3,7) (22,3,7)
LINE#230 (30,4,7) (13,5,7)
LINE#231 (27,5,7) (29,5,7)
LINE#232 (35,35,7) (0,35,7)
LINE#233 (0,0,8) (9,20,8)
LINE#234 (0,1,8) (7,12,8)
LINE#235 (7,7,8) (4,23,8)
LINE#236 (0,23,8) (35,0,8)
LINE#237 (30,11,8) (10,23,8)
LINE#238 (14,8,8) (4,24,8)
LINE#239 (13,11,8) (7,8,8)
LINE#240 (8,8,8) (13,10,8)
LINE#241 (9,9,8) (24,15,8)
LINE#242 (9,8,8) (3,24,8)
LINE#243 (33,22,8) (2,24,8)
LINE#244 (26,22,8) (26,26,8)
LINE#245 (26,23,8) (20,30,8)
LINE#246 (27,24,8) (30,29,8)
LINE#247 (26,24,8) (27,29,8)
LINE#248 (28,25,8) (28,29,8)
LINE#249 (29,25,8) (29,29,8)
LINE#250 (18,31,8) (18,29,8)
LINE#251 (7,25,8) (9,5,8)
LINE#252 (7,24,8) (8,5,8)
LINE#253 (16,11,8) (11,19,8)
LINE#254 (16,12,8) (12,22,8)
LINE#255 (16,13,8) (7,3,8)
LINE#256 (7,4,8) (17,20,8)
LINE#257 (6,4,8) (6,18,8)
LINE#258 (16,15,8) (16,20,8)
LINE#259 (5,15,8) (15,20,8)
LINE#260 (5,16,8) (14,20,8)
LINE#261 (5,17,8) (13,20,8)
LINE#262 (13,2,8) (13,6,8)
LINE#263 (13,4,8) (26,14,8)
LINE#264 (13,3,8) (22,3,8)
LINE#265 (30,4,8) (13,5,8)
LINE#266 (25,5,8) (30,5,8)
LINE#267 (27,5,8) (29,5,8)
LINE#268 (35,35,8) (0,35,8)
LINE#269 (0,1,2) (8,12,2)
LINE#270 (9,8,2) (3,25,2)
LINE#271 (9,8,3) (3,25,3)
LINE#272 (14,6,2) (13,2,2)
LINE#273 (14,6,3) (13,2,3)
LINE#274 (14,6,4) (13,2,4)
LINE#275 (5,16,2) (14,19,2)
LINE#276 (5,16,3) (14,19,3)
LINE#277 (5,16,4) (14,19,4)
LINE#278 (5,16,5) (14,19,5)
LINE#279 (25,5,2) (30,6,2)
LINE#280 (25,5,3) (30,6,3)
LINE#281 (25,5,4) (30,6,4)
LINE#282 (25,5,5) (30,6,5)
LINE#283 (25,5,6) (30,6,6)
LINE#284 (18,30,2) (5,30,2)
LINE#285 (18,30,3) (5,30,3)
LINE#286 (18,30,4) (5,30,4)
LINE#287 (18,30,5) (5,30,5)
LINE#288 (18,30,6) (5,30,6)
LINE#289 (18,30,7) (5,30,7)
VIA#a (0,35,1) (0,35,2) 
VIA#b (7,12,1) (7,12,2) (7,12,3) 
VIA#c (3,24,1) (3,24,2) (3,24,3) (3,24,4) 
VIA#d (13,6,1) (13,6,2) (13,6,3) (13,6,4) (13,6,5) 
VIA#e (14,20,1) (14,20,2) (14,20,3) (14,20,4) (14,20,5) (14,20,6) 
VIA#f (30,5,1) (30,5,2) (30,5,3) (30,5,4) (30,5,5) (30,5,6) (30,5,7) 
VIA#g (4,30,1) (4,30,2) (4,30,3) (4,30,4) (4,30,5) (4,30,6) (4,30,7) (4,30,8) 

