SIZE 36X36X1
LINE_NUM 81
LINE#1 (35,0,1) (0,35,1)
LINE#2 (13,2,1) (2,13,1)
LINE#3 (25,5,1) (5,25,1)
LINE#4 (7,9,1) (13,15,1)
LINE#5 (15,16,1) (25,26,1)
LINE#6 (10,29,1) (17,29,1)
LINE#7 (27,13,1) (27,20,1)
LINE#8 (35,17,1) (17,35,1)
LINE#9 (24,27,1) (1,35,1)
LINE#10 (23,26,1) (1,34,1)
LINE#11 (22,25,1) (18,29,1)
LINE#12 (21,24,1) (17,30,1)
LINE#13 (20,23,1) (16,31,1)
LINE#14 (19,22,1) (15,32,1)
LINE#15 (18,21,1) (14,33,1)
LINE#16 (17,20,1) (7,24,1)
LINE#17 (14,19,1) (8,23,1)
LINE#18 (9,22,1) (11,22,1)
LINE#19 (10,21,1) (12,21,1)
LINE#20 (11,20,1) (13,20,1)
LINE#21 (13,18,1) (12,19,1)
LINE#22 (14,17,1) (15,18,1)
LINE#23 (16,19,1) (15,20,1)
LINE#24 (12,15,1) (1,33,1)
LINE#25 (11,14,1) (1,32,1)
LINE#26 (8,8,1) (1,31,1)
LINE#27 (2,29,1) (2,30,1)
LINE#28 (10,13,1) (10,14,1)
LINE#29 (6,10,1) (7,10,1)
LINE#30 (7,12,1) (1,30,1)
LINE#31 (5,15,1) (2,20,1)
LINE#32 (6,14,1) (6,16,1)
LINE#33 (7,13,1) (7,15,1)
LINE#34 (8,13,1) (8,14,1)
LINE#35 (2,16,1) (2,18,1)
LINE#36 (4,16,1) (3,17,1)
LINE#37 (10,1,1) (9,2,1)
LINE#38 (2,9,1) (1,10,1)
LINE#39 (8,1,1) (1,8,1)
LINE#40 (7,1,1) (1,7,1)
LINE#41 (6,1,1) (1,6,1)
LINE#42 (4,1,1) (1,4,1)
LINE#43 (3,2,1) (2,3,1)
LINE#44 (15,1,1) (9,9,1)
LINE#45 (10,10,1) (14,14,1)
LINE#46 (11,9,1) (15,13,1)
LINE#47 (12,10,1) (14,12,1)
LINE#48 (13,9,1) (15,11,1)
LINE#49 (14,8,1) (16,10,1)
LINE#50 (15,7,1) (26,7,1)
LINE#51 (16,8,1) (17,9,1)
LINE#52 (17,7,1) (18,8,1)
LINE#53 (18,6,1) (28,19,1)
LINE#54 (25,25,1) (26,25,1)
LINE#55 (16,15,1) (16,16,1)
LINE#56 (25,23,1) (26,23,1)
LINE#57 (18,15,1) (18,16,1)
LINE#58 (21,5,1) (19,7,1)
LINE#59 (22,4,1) (19,5,1)
LINE#60 (25,21,1) (26,21,1)
LINE#61 (28,17,1) (26,20,1)
LINE#62 (28,15,1) (26,18,1)
LINE#63 (27,12,1) (28,13,1)
LINE#64 (28,11,1) (29,12,1)
LINE#65 (29,6,1) (29,10,1)
LINE#66 (30,6,1) (30,11,1)
LINE#67 (24,16,1) (26,17,1)
LINE#68 (24,15,1) (26,16,1)
LINE#69 (26,13,1) (25,14,1)
LINE#70 (20,15,1) (20,16,1)
LINE#71 (25,19,1) (26,19,1)
LINE#72 (22,15,1) (22,16,1)
LINE#73 (35,19,1) (19,35,1)
LINE#74 (35,21,1) (21,35,1)
LINE#75 (35,23,1) (23,35,1)
LINE#76 (35,25,1) (25,35,1)
LINE#77 (35,27,1) (27,35,1)
LINE#78 (35,29,1) (29,35,1)
LINE#79 (35,31,1) (31,35,1)
LINE#80 (33,35,1) (35,35,1)
LINE#81 (35,33,1) (34,34,1)

