SIZE 32X32X8
LINE_NUM 40
LINE#1 (16,0,1) (16,16,1)
LINE#2 (0,0,1) (24,6,1)
LINE#3 (8,23,1) (14,1,1)
LINE#4 (3,2,1) (25,6,1)
LINE#5 (9,3,1) (23,6,1)
LINE#6 (16,0,2) (16,16,2)
LINE#7 (0,0,2) (24,6,2)
LINE#8 (8,23,2) (14,1,2)
LINE#9 (3,2,2) (25,6,2)
LINE#10 (9,3,2) (23,6,2)
LINE#11 (16,0,3) (16,16,3)
LINE#12 (0,0,3) (24,6,3)
LINE#13 (8,23,3) (14,1,3)
LINE#14 (3,2,3) (25,6,3)
LINE#15 (9,3,3) (23,6,3)
LINE#16 (16,0,4) (16,16,4)
LINE#17 (0,0,4) (24,6,4)
LINE#18 (8,23,4) (14,1,4)
LINE#19 (3,2,4) (25,6,4)
LINE#20 (9,3,4) (23,6,4)
LINE#21 (16,0,5) (16,16,5)
LINE#22 (0,0,5) (24,6,5)
LINE#23 (8,23,5) (14,1,5)
LINE#24 (3,2,5) (25,6,5)
LINE#25 (9,3,5) (23,6,5)
LINE#26 (16,0,6) (16,16,6)
LINE#27 (0,0,6) (24,6,6)
LINE#28 (8,23,6) (14,1,6)
LINE#29 (3,2,6) (25,6,6)
LINE#30 (9,3,6) (23,6,6)
LINE#31 (16,0,7) (16,16,7)
LINE#32 (0,0,7) (24,6,7)
LINE#33 (8,23,7) (14,1,7)
LINE#34 (3,2,7) (25,6,7)
LINE#35 (9,3,7) (23,6,7)
LINE#36 (16,0,8) (16,16,8)
LINE#37 (0,0,8) (24,6,8)
LINE#38 (8,23,8) (14,1,8)
LINE#39 (3,2,8) (25,6,8)
LINE#40 (9,3,8) (23,6,8)

