SIZE 36X36X8
LINE_NUM 8
LINE#1 (0,0,1) (0,0,2)
LINE#2 (11,0,1) (0,0,3)
LINE#3 (23,0,1) (0,0,4)
LINE#4 (35,0,1) (0,0,5)
LINE#5 (0,35,1) (0,0,6)
LINE#6 (11,35,1) (0,0,7)
LINE#7 (23,35,1) (0,0,8)
LINE#8 (35,35,1) (35,35,8)
VIA#aa (25,25,1) (25,25,2) 
VIA#bb (26,25,1) (26,25,2) (26,25,3) 
VIA#cc (27,25,1) (27,25,2) (27,25,3) (27,25,4) 
VIA#dd (28,25,1) (28,25,2) (28,25,3) (28,25,4) (28,25,5) 
VIA#ee (25,26,1) (25,26,2) (25,26,3) (25,26,4) (25,26,5) (25,26,6) 
VIA#ff (26,26,1) (26,26,2) (26,26,3) (26,26,4) (26,26,5) (26,26,6) (26,26,7) 
VIA#gg (27,26,1) (27,26,2) (27,26,3) (27,26,4) (27,26,5) (27,26,6) (27,26,7) (27,26,8) 
VIA#hh (28,26,1) (28,26,2) (28,26,3) (28,26,4) (28,26,5) (28,26,6) (28,26,7) (28,26,8) 

