SIZE 15X12X2
LINE_NUM 38
LINE#1 (0,11,2) (0,11,1)
LINE#2 (1,0,1) (14,0,1)
LINE#3 (14,1,1) (14,11,1)
LINE#4 (1,11,1) (13,11,1)
LINE#5 (2,4,1) (6,4,1)
LINE#6 (8,4,1) (12,4,1)
LINE#7 (5,7,1) (9,7,1)
LINE#8 (1,1,1) (1,10,1)
LINE#9 (3,1,1) (2,2,1)
LINE#10 (3,4,1) (3,10,1)
LINE#11 (4,3,1) (5,9,1)
LINE#12 (5,4,1) (6,7,1)
LINE#13 (7,2,1) (7,8,1)
LINE#14 (9,4,1) (8,7,1)
LINE#15 (4,1,1) (6,2,1)
LINE#16 (10,1,1) (8,2,1)
LINE#17 (10,3,1) (9,9,1)
LINE#18 (11,4,1) (11,10,1)
LINE#19 (11,1,1) (12,2,1)
LINE#20 (13,1,1) (13,10,1)
LINE#21 (1,0,2) (14,0,2)
LINE#22 (14,1,2) (14,11,2)
LINE#23 (1,11,2) (13,11,2)
LINE#24 (2,2,2) (6,4,2)
LINE#25 (12,2,2) (8,4,2)
LINE#26 (5,9,2) (9,9,2)
LINE#27 (1,1,2) (6,5,2)
LINE#28 (6,1,2) (6,3,2)
LINE#29 (8,1,2) (8,3,2)
LINE#30 (13,1,2) (8,5,2)
LINE#31 (12,1,2) (9,2,2)
LINE#32 (2,4,2) (3,5,2)
LINE#33 (12,4,2) (11,5,2)
LINE#34 (4,7,2) (6,9,2)
LINE#35 (5,7,2) (9,7,2)
LINE#36 (10,7,2) (8,9,2)
LINE#37 (7,8,2) (7,10,2)
LINE#38 (2,1,2) (5,2,2)
VIA#a (0,0,1) (0,0,2) 

