SIZE 20X20X3
LINE_NUM 16
LINE#1 (8,0,1) (9,19,1)
LINE#2 (0,0,2) (19,19,2)
LINE#3 (0,0,3) (0,19,3)
LINE#4 (0,9,3) (18,9,3)
LINE#5 (7,0,1) (0,19,1)
LINE#6 (19,0,1) (12,10,1)
LINE#7 (19,1,1) (11,18,1)
LINE#8 (0,1,3) (19,18,2)
LINE#9 (0,2,3) (0,8,3)
LINE#10 (0,1,2) (0,6,2)
LINE#11 (12,2,1) (1,2,3)
LINE#12 (0,14,1) (18,14,3)
LINE#13 (3,8,2) (3,18,2)
LINE#14 (16,1,2) (16,6,2)
LINE#15 (1,3,2) (15,3,2)
LINE#16 (4,12,2) (18,12,2)
VIA#a (18,8,2) (18,8,3) 
VIA#b (17,8,1) (17,8,2) (17,8,3) 
VIA#c (4,14,1) (4,14,2) (4,14,3) 

