SIZE 5X5X4
LINE_NUM 13
LINE#1 (0,1,1) (1,0,2)
LINE#2 (1,4,1) (0,3,2)
LINE#3 (2,0,1) (4,2,3)
LINE#4 (2,4,1) (3,0,3)
LINE#5 (0,0,1) (3,1,4)
LINE#6 (0,3,1) (0,0,4)
LINE#7 (4,1,1) (2,4,4)
LINE#8 (1,4,2) (3,4,3)
LINE#9 (3,0,2) (0,0,3)
LINE#10 (4,1,2) (2,1,3)
LINE#11 (0,1,3) (3,2,4)
LINE#12 (0,3,3) (1,0,4)
LINE#13 (2,4,3) (1,3,4)
VIA#a (1,2,1) (1,2,2) 
VIA#b (2,1,1) (2,1,2) 
VIA#c (3,1,1) (3,1,2) (3,1,3) 
VIA#d (4,0,1) (4,0,2) (4,0,3) 
VIA#e (0,4,1) (0,4,2) (0,4,3) (0,4,4) 
VIA#f (1,1,1) (1,1,2) (1,1,3) (1,1,4) 
VIA#g (4,4,1) (4,4,2) (4,4,3) (4,4,4) 
VIA#h (2,0,2) (2,0,3) 
VIA#i (3,2,2) (3,2,3) 
VIA#j (4,3,2) (4,3,3) 
VIA#k (1,2,3) (1,2,4) 
VIA#l (1,4,3) (1,4,4) 
VIA#m (2,3,3) (2,3,4) 

