SIZE 8X8X3
LINE_NUM 19
LINE#1 (0,0,1) (2,4,2)
LINE#2 (0,3,1) (2,5,2)
LINE#3 (0,6,1) (4,4,2)
LINE#4 (3,1,2) (6,1,1)
LINE#5 (6,1,2) (6,3,1)
LINE#6 (7,2,2) (6,6,1)
LINE#7 (3,4,2) (2,7,3)
LINE#8 (2,6,2) (4,7,3)
LINE#9 (5,4,2) (6,7,3)
LINE#10 (6,1,3) (7,1,2)
LINE#11 (3,0,2) (4,1,3)
LINE#12 (5,1,3) (6,0,2)
LINE#13 (0,4,3) (7,4,3)
LINE#14 (2,0,1) (4,0,1)
LINE#15 (3,0,1) (3,1,1)
LINE#16 (2,7,1) (4,7,1)
LINE#17 (3,4,1) (3,7,1)
LINE#18 (0,2,3) (7,2,3)
LINE#19 (0,3,3) (7,3,3)
VIA#a (1,0,1) (1,0,2) 
VIA#b (1,3,1) (1,3,2) 
VIA#c (1,6,1) (1,6,2) 
VIA#d (5,1,1) (5,1,2) 
VIA#e (5,3,1) (5,3,2) 
VIA#f (5,6,1) (5,6,2) 
VIA#g (3,5,2) (3,5,3) 
VIA#h (3,6,2) (3,6,3) 
VIA#i (5,5,2) (5,5,3) 
VIA#j (4,0,2) (4,0,3) 
VIA#k (5,0,2) (5,0,3) 
VIA#l (7,0,2) (7,0,3) 

