SIZE 30X30X1
LINE_NUM 44
LINE#1 (1,1,1) (29,4,1)
LINE#2 (2,25,1) (28,26,1)
LINE#3 (1,3,1) (27,4,1)
LINE#4 (4,25,1) (29,28,1)
LINE#5 (1,25,1) (28,27,1)
LINE#6 (0,1,1) (25,4,1)
LINE#7 (0,25,1) (28,28,1)
LINE#8 (25,15,1) (28,15,1)
LINE#9 (1,2,1) (28,4,1)
LINE#10 (4,8,1) (2,13,1)
LINE#11 (2,7,1) (5,14,1)
LINE#12 (4,14,1) (2,20,1)
LINE#13 (6,8,1) (5,21,1)
LINE#14 (27,7,1) (22,22,1)
LINE#15 (13,18,1) (11,20,1)
LINE#16 (25,9,1) (29,14,1)
LINE#17 (25,8,1) (28,8,1)
LINE#18 (28,10,1) (25,14,1)
LINE#19 (25,16,1) (27,16,1)
LINE#20 (24,8,1) (24,22,1)
LINE#21 (23,8,1) (23,22,1)
LINE#22 (12,19,1) (17,21,1)
LINE#23 (18,9,1) (16,11,1)
LINE#24 (12,8,1) (17,10,1)
LINE#25 (13,7,1) (16,7,1)
LINE#26 (13,22,1) (16,22,1)
LINE#27 (13,14,1) (17,20,1)
LINE#28 (12,9,1) (16,15,1)
LINE#29 (13,16,1) (16,16,1)
LINE#30 (13,13,1) (16,13,1)
LINE#31 (18,15,1) (18,20,1)
LINE#32 (11,9,1) (11,14,1)
LINE#33 (7,10,1) (5,22,1)
LINE#34 (0,10,1) (2,22,1)
LINE#35 (1,8,1) (2,21,1)
LINE#36 (3,15,1) (5,20,1)
LINE#37 (3,9,1) (4,9,1)
LINE#38 (13,9,1) (16,10,1)
LINE#39 (13,19,1) (16,20,1)
LINE#40 (16,17,1) (16,19,1)
LINE#41 (13,10,1) (13,12,1)
LINE#42 (3,16,1) (4,16,1)
LINE#43 (0,29,1) (29,29,1)
LINE#44 (0,0,1) (29,0,1)

