SIZE 36X36X8
LINE_NUM 234
LINE#1 (0,35,1) (35,35,1)
LINE#2 (1,1,1) (17,35,1)
LINE#3 (1,17,1) (16,17,1)
LINE#4 (2,3,1) (4,15,1)
LINE#5 (7,15,1) (7,15,2)
LINE#6 (6,5,1) (7,16,1)
LINE#7 (10,2,1) (12,14,1)
LINE#8 (11,2,1) (15,15,1)
LINE#9 (14,4,1) (14,15,1)
LINE#10 (3,21,1) (5,32,1)
LINE#11 (3,20,1) (8,32,1)
LINE#12 (7,22,1) (8,33,1)
LINE#13 (11,20,1) (13,31,1)
LINE#14 (11,19,1) (16,32,1)
LINE#15 (15,21,1) (15,32,1)
LINE#16 (19,0,1) (35,34,1)
LINE#17 (19,16,1) (34,16,1)
LINE#18 (35,33,1) (35,33,2)
LINE#19 (20,2,1) (22,13,1)
LINE#20 (21,2,1) (25,15,1)
LINE#21 (24,4,1) (21,15,1)
LINE#22 (28,1,1) (30,12,1)
LINE#23 (29,1,1) (33,14,1)
LINE#24 (32,3,1) (29,14,1)
LINE#25 (21,20,1) (23,30,1)
LINE#26 (21,19,1) (26,32,1)
LINE#27 (25,21,1) (22,32,1)
LINE#28 (29,19,1) (31,29,1)
LINE#29 (29,18,1) (34,31,1)
LINE#30 (33,20,1) (30,31,1)
LINE#31 (2,34,1) (17,34,1)
LINE#32 (0,35,2) (35,35,2)
LINE#33 (1,1,2) (17,35,2)
LINE#34 (1,17,2) (16,17,2)
LINE#35 (2,3,2) (4,15,2)
LINE#36 (6,5,2) (7,16,2)
LINE#37 (10,2,2) (12,14,2)
LINE#38 (11,2,2) (15,15,2)
LINE#39 (14,4,2) (14,15,2)
LINE#40 (5,32,2) (5,32,3)
LINE#41 (3,20,2) (8,32,2)
LINE#42 (7,22,2) (8,33,2)
LINE#43 (11,20,2) (13,31,2)
LINE#44 (11,19,2) (16,32,2)
LINE#45 (15,21,2) (15,32,2)
LINE#46 (19,0,2) (35,34,2)
LINE#47 (19,16,2) (34,16,2)
LINE#48 (20,2,2) (22,13,2)
LINE#49 (21,2,2) (25,15,2)
LINE#50 (24,4,2) (21,15,2)
LINE#51 (28,1,2) (30,12,2)
LINE#52 (29,1,2) (33,14,2)
LINE#53 (32,3,2) (29,14,2)
LINE#54 (21,20,2) (23,30,2)
LINE#55 (21,19,2) (26,32,2)
LINE#56 (25,21,2) (25,21,3)
LINE#57 (29,19,2) (31,29,2)
LINE#58 (29,18,2) (34,31,2)
LINE#59 (33,20,2) (30,31,2)
LINE#60 (2,34,2) (17,34,2)
LINE#61 (0,35,3) (0,35,4)
LINE#62 (1,1,3) (17,35,3)
LINE#63 (1,17,3) (16,17,3)
LINE#64 (2,3,3) (4,15,3)
LINE#65 (3,3,3) (7,15,3)
LINE#66 (6,5,3) (7,16,3)
LINE#67 (10,2,3) (12,14,3)
LINE#68 (11,2,3) (15,15,3)
LINE#69 (14,4,3) (14,15,3)
LINE#70 (3,20,3) (8,32,3)
LINE#71 (8,33,3) (8,33,4)
LINE#72 (11,20,3) (13,31,3)
LINE#73 (11,19,3) (16,32,3)
LINE#74 (15,21,3) (15,32,3)
LINE#75 (19,0,3) (35,34,3)
LINE#76 (19,16,3) (34,16,3)
LINE#77 (20,33,3) (35,33,3)
LINE#78 (20,2,3) (22,13,3)
LINE#79 (21,2,3) (25,15,3)
LINE#80 (24,4,3) (21,15,3)
LINE#81 (28,1,3) (30,12,3)
LINE#82 (29,1,3) (33,14,3)
LINE#83 (32,3,3) (29,14,3)
LINE#84 (21,20,3) (23,30,3)
LINE#85 (21,19,3) (26,32,3)
LINE#86 (29,19,3) (31,29,3)
LINE#87 (29,18,3) (34,31,3)
LINE#88 (33,20,3) (30,31,3)
LINE#89 (2,34,3) (17,34,3)
LINE#90 (1,1,4) (17,35,4)
LINE#91 (1,17,4) (16,17,4)
LINE#92 (2,3,4) (4,15,4)
LINE#93 (7,15,4) (7,15,5)
LINE#94 (6,5,4) (7,16,4)
LINE#95 (10,2,4) (12,14,4)
LINE#96 (11,2,4) (15,15,4)
LINE#97 (14,4,4) (14,15,4)
LINE#98 (3,21,4) (5,32,4)
LINE#99 (3,20,4) (8,32,4)
LINE#100 (11,20,4) (13,31,4)
LINE#101 (11,19,4) (16,32,4)
LINE#102 (15,21,4) (15,32,4)
LINE#103 (19,0,4) (35,34,4)
LINE#104 (19,16,4) (34,16,4)
LINE#105 (20,33,4) (35,33,4)
LINE#106 (20,2,4) (22,13,4)
LINE#107 (21,2,4) (25,15,4)
LINE#108 (24,4,4) (21,15,4)
LINE#109 (28,1,4) (30,12,4)
LINE#110 (29,1,4) (33,14,4)
LINE#111 (32,3,4) (29,14,4)
LINE#112 (21,20,4) (23,30,4)
LINE#113 (21,19,4) (26,32,4)
LINE#114 (25,21,4) (22,32,4)
LINE#115 (29,19,4) (31,29,4)
LINE#116 (29,18,4) (34,31,4)
LINE#117 (33,20,4) (30,31,4)
LINE#118 (2,34,4) (2,34,5)
LINE#119 (0,35,5) (35,35,5)
LINE#120 (1,1,5) (17,35,5)
LINE#121 (1,17,5) (16,17,5)
LINE#122 (2,3,5) (4,15,5)
LINE#123 (6,5,5) (7,16,5)
LINE#124 (10,2,5) (12,14,5)
LINE#125 (11,2,5) (15,15,5)
LINE#126 (14,4,5) (14,15,5)
LINE#127 (3,21,5) (5,32,5)
LINE#128 (3,20,5) (8,32,5)
LINE#129 (7,22,5) (8,33,5)
LINE#130 (11,20,5) (13,31,5)
LINE#131 (11,19,5) (16,32,5)
LINE#132 (15,21,5) (15,32,5)
LINE#133 (19,0,5) (35,34,5)
LINE#134 (19,16,5) (34,16,5)
LINE#135 (20,33,5) (35,33,5)
LINE#136 (20,2,5) (22,13,5)
LINE#137 (21,2,5) (25,15,5)
LINE#138 (24,4,5) (21,15,5)
LINE#139 (28,1,5) (30,12,5)
LINE#140 (29,1,5) (33,14,5)
LINE#141 (32,3,5) (32,3,6)
LINE#142 (21,20,5) (21,20,6)
LINE#143 (21,19,5) (26,32,5)
LINE#144 (25,21,5) (22,32,5)
LINE#145 (29,19,5) (31,29,5)
LINE#146 (29,18,5) (34,31,5)
LINE#147 (33,20,5) (30,31,5)
LINE#148 (0,35,6) (35,35,6)
LINE#149 (17,35,6) (17,35,7)
LINE#150 (1,17,6) (16,17,6)
LINE#151 (2,3,6) (4,15,6)
LINE#152 (3,3,6) (7,15,6)
LINE#153 (6,5,6) (7,16,6)
LINE#154 (10,2,6) (12,14,6)
LINE#155 (11,2,6) (15,15,6)
LINE#156 (14,4,6) (14,15,6)
LINE#157 (3,21,6) (5,32,6)
LINE#158 (3,20,6) (8,32,6)
LINE#159 (7,22,6) (8,33,6)
LINE#160 (11,20,6) (13,31,6)
LINE#161 (11,19,6) (16,32,6)
LINE#162 (15,21,6) (15,32,6)
LINE#163 (19,0,6) (35,34,6)
LINE#164 (19,16,6) (34,16,6)
LINE#165 (20,33,6) (35,33,6)
LINE#166 (20,2,6) (22,13,6)
LINE#167 (21,2,6) (25,15,6)
LINE#168 (24,4,6) (24,4,7)
LINE#169 (28,1,6) (30,12,6)
LINE#170 (29,1,6) (33,14,6)
LINE#171 (21,19,6) (26,32,6)
LINE#172 (25,21,6) (22,32,6)
LINE#173 (29,19,6) (31,29,6)
LINE#174 (29,18,6) (34,31,6)
LINE#175 (33,20,6) (30,31,6)
LINE#176 (2,34,6) (17,34,6)
LINE#177 (0,35,7) (35,35,7)
LINE#178 (1,17,7) (16,17,7)
LINE#179 (2,3,7) (4,15,7)
LINE#180 (3,3,7) (3,3,8)
LINE#181 (6,5,7) (7,16,7)
LINE#182 (10,2,7) (12,14,7)
LINE#183 (11,2,7) (11,2,8)
LINE#184 (14,4,7) (14,15,7)
LINE#185 (3,21,7) (5,32,7)
LINE#186 (3,20,7) (8,32,7)
LINE#187 (7,22,7) (8,33,7)
LINE#188 (11,20,7) (13,31,7)
LINE#189 (11,19,7) (16,32,7)
LINE#190 (15,21,7) (15,32,7)
LINE#191 (19,0,7) (35,34,7)
LINE#192 (19,16,7) (34,16,7)
LINE#193 (20,33,7) (35,33,7)
LINE#194 (20,2,7) (22,13,7)
LINE#195 (21,2,7) (25,15,7)
LINE#196 (28,1,7) (30,12,7)
LINE#197 (29,1,7) (33,14,7)
LINE#198 (32,3,7) (29,14,7)
LINE#199 (21,20,7) (23,30,7)
LINE#200 (21,19,7) (26,32,7)
LINE#201 (25,21,7) (22,32,7)
LINE#202 (29,19,7) (31,29,7)
LINE#203 (29,18,7) (34,31,7)
LINE#204 (33,20,7) (30,31,7)
LINE#205 (2,34,7) (17,34,7)
LINE#206 (0,35,8) (35,35,8)
LINE#207 (1,1,8) (17,35,8)
LINE#208 (1,17,8) (16,17,8)
LINE#209 (2,3,8) (4,15,8)
LINE#210 (6,5,8) (7,16,8)
LINE#211 (10,2,8) (12,14,8)
LINE#212 (14,4,8) (14,15,8)
LINE#213 (3,21,8) (5,32,8)
LINE#214 (3,20,8) (8,32,8)
LINE#215 (7,22,8) (8,33,8)
LINE#216 (11,20,8) (13,31,8)
LINE#217 (11,19,8) (16,32,8)
LINE#218 (15,21,8) (15,32,8)
LINE#219 (19,0,8) (35,34,8)
LINE#220 (19,16,8) (34,16,8)
LINE#221 (20,33,8) (35,33,8)
LINE#222 (20,2,8) (22,13,8)
LINE#223 (21,2,8) (25,15,8)
LINE#224 (24,4,8) (21,15,8)
LINE#225 (28,1,8) (30,12,8)
LINE#226 (29,1,8) (33,14,8)
LINE#227 (32,3,8) (29,14,8)
LINE#228 (21,20,8) (23,30,8)
LINE#229 (21,19,8) (26,32,8)
LINE#230 (25,21,8) (22,32,8)
LINE#231 (29,19,8) (31,29,8)
LINE#232 (29,18,8) (34,31,8)
LINE#233 (33,20,8) (30,31,8)
LINE#234 (2,34,8) (17,34,8)
