SIZE 17X16X2
LINE_NUM 23
LINE#1 (0,0,1) (16,11,2)
LINE#2 (16,3,1) (13,11,1)
LINE#3 (8,1,1) (5,13,1)
LINE#4 (3,2,1) (7,15,2)
LINE#5 (11,4,1) (12,13,1)
LINE#6 (16,2,2) (1,14,1)
LINE#7 (9,15,1) (16,15,1)
LINE#8 (16,12,1) (8,15,1)
LINE#9 (11,1,1) (16,1,1)
LINE#10 (11,0,1) (16,0,1)
LINE#11 (7,3,1) (7,14,1)
LINE#12 (9,1,1) (9,12,1)
LINE#13 (15,5,1) (13,13,1)
LINE#14 (8,1,2) (5,13,2)
LINE#15 (11,4,2) (12,13,2)
LINE#16 (9,15,2) (16,15,2)
LINE#17 (16,12,2) (8,15,2)
LINE#18 (11,1,2) (16,1,2)
LINE#19 (11,0,2) (16,0,2)
LINE#20 (7,3,2) (7,14,2)
LINE#21 (9,1,2) (9,12,2)
LINE#22 (15,5,2) (13,13,2)
LINE#23 (16,3,2) (13,11,2)

