SIZE 36X36X2
LINE_NUM 28
LINE#1 (35,0,2) (0,35,2)
LINE#2 (13,2,2) (2,13,2)
LINE#3 (25,5,2) (5,25,2)
LINE#4 (7,9,2) (13,15,2)
LINE#5 (15,16,2) (25,26,2)
LINE#6 (10,29,2) (17,29,2)
LINE#7 (27,13,2) (27,20,2)
LINE#8 (35,17,2) (17,35,2)
LINE#9 (0,0,1) (8,3,1)
LINE#10 (0,12,1) (8,15,1)
LINE#11 (7,19,1) (0,35,1)
LINE#12 (12,0,1) (4,35,1)
LINE#13 (13,0,1) (35,15,1)
LINE#14 (13,1,1) (34,15,1)
LINE#15 (24,16,1) (35,35,1)
LINE#16 (19,35,2) (35,34,1)
LINE#17 (35,1,2) (32,35,1)
LINE#18 (8,8,2) (5,35,1)
LINE#19 (2,14,2) (7,35,1)
LINE#20 (14,14,2) (26,26,1)
LINE#21 (14,19,2) (14,28,2)
LINE#22 (2,15,2) (10,15,2)
LINE#23 (15,5,2) (15,13,2)
LINE#24 (16,15,2) (26,15,2)
LINE#25 (27,20,1) (35,20,1)
LINE#26 (12,27,1) (23,27,1)
LINE#27 (23,28,1) (23,35,1)
LINE#28 (23,1,1) (23,14,1)
