SIZE 24X24X4
LINE_NUM 60
LINE#1 (6,13,3) (4,16,4)
LINE#2 (17,2,1) (22,3,2)
LINE#3 (1,1,4) (3,20,4)
LINE#4 (16,1,4) (20,20,4)
LINE#5 (21,17,4) (19,4,4)
LINE#6 (0,23,1) (16,2,1)
LINE#7 (15,20,3) (9,8,4)
LINE#8 (19,21,1) (16,15,4)
LINE#9 (17,9,1) (21,3,1)
LINE#10 (18,12,1) (3,21,1)
LINE#11 (9,5,2) (8,14,2)
LINE#12 (7,4,4) (12,1,3)
LINE#13 (4,21,1) (10,9,4)
LINE#14 (23,20,1) (0,14,2)
LINE#15 (15,0,3) (19,3,4)
LINE#16 (9,15,1) (4,12,3)
LINE#17 (9,7,4) (18,12,4)
LINE#18 (20,1,1) (9,10,1)
LINE#19 (1,22,2) (2,21,3)
LINE#20 (21,2,4) (22,1,1)
LINE#21 (21,20,1) (5,21,1)
LINE#22 (23,19,1) (17,13,2)
LINE#23 (4,4,1) (19,10,3)
LINE#24 (12,15,3) (22,22,3)
LINE#25 (6,7,2) (18,7,4)
LINE#26 (17,15,1) (13,12,3)
LINE#27 (12,17,2) (20,17,2)
LINE#28 (16,2,3) (20,11,3)
LINE#29 (0,3,3) (6,5,3)
LINE#30 (4,5,4) (13,14,4)
LINE#31 (20,6,4) (21,21,4)
LINE#32 (13,1,1) (3,21,2)
LINE#33 (6,14,3) (22,18,3)
LINE#34 (11,8,3) (23,0,4)
LINE#35 (0,4,3) (22,4,3)
LINE#36 (6,2,3) (22,21,3)
LINE#37 (12,10,1) (20,14,2)
LINE#38 (13,21,4) (19,17,2)
LINE#39 (12,2,1) (16,1,2)
LINE#40 (13,3,1) (3,8,1)
LINE#41 (8,20,2) (11,20,2)
LINE#42 (10,3,1) (16,14,2)
LINE#43 (17,1,3) (5,12,3)
LINE#44 (3,12,2) (23,7,2)
LINE#45 (7,20,3) (1,6,3)
LINE#46 (12,2,2) (14,2,4)
LINE#47 (5,6,2) (7,7,2)
LINE#48 (16,10,4) (17,22,4)
LINE#49 (13,9,4) (4,15,4)
LINE#50 (12,1,4) (8,12,4)
LINE#51 (17,4,4) (10,6,4)
LINE#52 (8,22,1) (10,21,1)
LINE#53 (12,10,3) (21,15,3)
LINE#54 (17,8,1) (16,7,2)
LINE#55 (0,0,1) (0,11,1)
LINE#56 (2,1,1) (12,1,1)
LINE#57 (8,8,1) (4,10,3)
LINE#58 (9,23,2) (10,21,2)
LINE#59 (12,10,4) (13,13,4)
LINE#60 (15,0,4) (21,1,4)
