SIZE 20X20X8
LINE_NUM 29
LINE#1 (2,3,2) (2,6,6)
LINE#2 (4,0,4) (3,3,7)
LINE#3 (4,3,1) (5,8,8)
LINE#4 (5,3,1) (1,1,6)
LINE#5 (5,0,2) (6,3,8)
LINE#6 (7,3,3) (17,5,5)
LINE#7 (10,1,1) (4,5,4)
LINE#8 (5,5,3) (17,8,7)
LINE#9 (1,8,2) (4,8,6)
LINE#10 (1,11,1) (1,17,7)
LINE#11 (8,10,4) (6,18,8)
LINE#12 (3,13,4) (6,13,8)
LINE#13 (4,13,2) (15,17,7)
LINE#14 (5,13,1) (6,17,6)
LINE#15 (3,17,3) (2,15,8)
LINE#16 (7,15,1) (0,19,5)
LINE#17 (3,18,3) (7,6,4)
LINE#18 (15,3,2) (12,4,8)
LINE#19 (17,2,1) (12,5,8)
LINE#20 (12,6,3) (18,8,7)
LINE#21 (10,7,4) (17,3,6)
LINE#22 (11,1,3) (17,4,7)
LINE#23 (14,6,2) (16,9,4)
LINE#24 (11,11,2) (17,18,7)
LINE#25 (13,10,4) (18,14,6)
LINE#26 (15,10,3) (15,14,5)
LINE#27 (10,14,3) (10,17,7)
LINE#28 (13,17,2) (19,19,8)
LINE#29 (9,19,2) (18,17,7)
