SIZE 8X8X4
LINE_NUM 20
LINE#1 (0,0,1) (7,7,2)
LINE#2 (1,0,1) (3,3,2)
LINE#3 (0,7,1) (6,7,2)
LINE#4 (5,3,1) (6,3,2)
LINE#5 (5,6,1) (1,6,2)
LINE#6 (0,1,2) (5,6,2)
LINE#7 (4,4,1) (6,5,1)
LINE#8 (7,0,2) (7,3,2)
LINE#9 (2,1,2) (2,3,2)
LINE#10 (2,5,2) (3,5,2)
LINE#11 (0,0,3) (7,7,4)
LINE#12 (1,0,3) (3,3,4)
LINE#13 (0,7,3) (6,7,4)
LINE#14 (5,3,3) (6,3,4)
LINE#15 (5,6,3) (1,6,4)
LINE#16 (0,1,4) (5,6,4)
LINE#17 (4,4,3) (6,5,3)
LINE#18 (7,0,4) (7,3,4)
LINE#19 (2,1,4) (2,3,4)
LINE#20 (2,5,4) (3,5,4)
