SIZE 48X36X8
LINE_NUM 101
LINE#1 (6,9,1) (9,5,1)
LINE#2 (6,8,1) (8,9,1)
LINE#3 (7,9,1) (9,2,1)
LINE#4 (3,6,1) (9,4,1)
LINE#5 (2,4,1) (9,9,1)
LINE#6 (2,7,1) (5,9,1)
LINE#7 (2,8,1) (5,4,1)
LINE#8 (2,9,1) (4,4,1)
LINE#9 (6,7,1) (9,3,1)
LINE#10 (5,16,1) (5,19,1)
LINE#11 (4,17,1) (6,17,1)
LINE#12 (4,18,1) (6,18,1)
LINE#13 (1,13,1) (3,13,1)
LINE#14 (2,13,1) (4,21,1)
LINE#15 (2,14,1) (7,21,1)
LINE#16 (4,13,1) (10,21,1)
LINE#17 (8,14,1) (8,21,1)
LINE#18 (2,21,1) (10,22,1)
LINE#19 (2,26,1) (3,32,1)
LINE#20 (3,31,1) (4,25,1)
LINE#21 (1,28,1) (5,32,1)
LINE#22 (3,29,1) (8,32,1)
LINE#23 (7,33,1) (9,26,1)
LINE#24 (6,29,1) (7,26,1)
LINE#25 (6,30,1) (7,27,1)
LINE#26 (2,33,1) (6,28,1)
LINE#27 (14,0,1) (23,10,1)
LINE#28 (15,3,1) (23,6,1)
LINE#29 (15,4,1) (22,10,1)
LINE#30 (15,8,1) (22,8,1)
LINE#31 (15,9,1) (22,1,1)
LINE#32 (16,6,1) (18,11,1)
LINE#33 (17,2,1) (22,4,1)
LINE#34 (12,12,1) (19,21,1)
LINE#35 (13,19,1) (15,14,1)
LINE#36 (13,16,1) (20,15,1)
LINE#37 (12,17,1) (18,17,1)
LINE#38 (13,13,1) (19,22,1)
LINE#39 (20,20,1) (22,12,1)
LINE#40 (15,17,1) (16,22,1)
LINE#41 (14,21,1) (16,17,1)
LINE#42 (15,27,1) (23,35,1)
LINE#43 (13,28,1) (20,26,1)
LINE#44 (15,33,1) (22,25,1)
LINE#45 (18,30,1) (21,31,1)
LINE#46 (13,34,1) (20,29,1)
LINE#47 (14,26,1) (19,26,1)
LINE#48 (16,32,1) (19,25,1)
LINE#49 (17,30,1) (22,29,1)
LINE#50 (14,31,1) (21,34,1)
LINE#51 (25,1,1) (31,1,1)
LINE#52 (27,8,1) (28,5,1)
LINE#53 (28,0,1) (34,5,1)
LINE#54 (34,0,1) (35,11,1)
LINE#55 (24,0,1) (32,3,1)
LINE#56 (27,4,1) (32,8,1)
LINE#57 (24,6,1) (25,2,1)
LINE#58 (25,4,1) (33,10,1)
LINE#59 (24,1,1) (28,10,1)
LINE#60 (25,22,1) (34,15,1)
LINE#61 (29,21,1) (34,16,1)
LINE#62 (25,13,1) (34,17,1)
LINE#63 (30,13,1) (34,22,1)
LINE#64 (26,14,1) (30,17,1)
LINE#65 (30,19,1) (35,19,1)
LINE#66 (24,15,1) (30,18,1)
LINE#67 (34,14,1) (35,12,1)
LINE#68 (35,24,1) (35,34,1)
LINE#69 (25,33,1) (35,28,1)
LINE#70 (27,27,1) (35,35,1)
LINE#71 (24,35,1) (29,31,1)
LINE#72 (27,34,1) (29,35,1)
LINE#73 (28,29,1) (31,33,1)
LINE#74 (28,33,1) (32,32,1)
LINE#75 (36,7,1) (46,11,1)
LINE#76 (42,7,1) (47,11,1)
LINE#77 (40,10,1) (47,0,1)
LINE#78 (36,0,1) (37,10,1)
LINE#79 (36,8,1) (44,2,1)
LINE#80 (45,9,1) (46,5,1)
LINE#81 (40,20,1) (45,14,1)
LINE#82 (36,14,1) (41,15,1)
LINE#83 (42,18,1) (47,23,1)
LINE#84 (36,12,1) (45,20,1)
LINE#85 (37,12,1) (43,14,1)
LINE#86 (36,23,1) (44,18,1)
LINE#87 (39,12,1) (46,23,1)
LINE#88 (36,24,1) (44,30,1)
LINE#89 (40,30,1) (47,24,1)
LINE#90 (36,35,1) (37,32,1)
LINE#91 (38,35,1) (47,35,1)
LINE#92 (41,32,1) (46,35,1)
LINE#93 (36,34,1) (45,31,1)
LINE#94 (37,26,1) (44,29,1)
LINE#95 (37,33,1) (42,28,1)
LINE#96 (29,35,2) (27,21,3)
LINE#97 (6,29,6) (22,6,6)
LINE#98 (6,6,3) (35,1,3)
LINE#99 (17,28,6) (17,24,5)
LINE#100 (8,14,4) (11,18,2)
LINE#101 (26,8,4) (16,5,7)
