SIZE 70X70X8
LINE_NUM 999
LINE#1 (10,6,5) (30,6,1)
LINE#2 (69,36,1) (45,41,4)
LINE#3 (2,0,1) (36,2,1)
LINE#4 (3,49,5) (3,53,8)
LINE#5 (60,38,6) (13,66,8)
LINE#6 (37,54,6) (63,19,8)
LINE#7 (57,36,4) (62,34,5)
LINE#8 (19,25,4) (21,69,2)
LINE#9 (26,10,6) (40,0,4)
LINE#10 (8,36,5) (36,4,5)
LINE#11 (58,20,7) (36,44,1)
LINE#12 (13,44,5) (11,35,7)
LINE#13 (49,20,6) (58,36,8)
LINE#14 (23,19,4) (55,9,2)
LINE#15 (57,61,8) (34,52,1)
LINE#16 (12,3,5) (3,8,6)
LINE#17 (68,60,7) (57,64,8)
LINE#18 (31,33,6) (53,20,6)
LINE#19 (44,11,7) (30,1,1)
LINE#20 (26,24,8) (61,18,8)
LINE#21 (62,11,8) (67,45,5)
LINE#22 (6,45,5) (20,52,1)
LINE#23 (31,2,4) (32,30,7)
LINE#24 (49,8,4) (44,2,1)
LINE#25 (9,32,5) (10,39,8)
LINE#26 (8,41,5) (16,49,7)
LINE#27 (63,13,1) (58,8,5)
LINE#28 (57,46,5) (65,67,8)
LINE#29 (16,6,4) (5,9,5)
LINE#30 (57,53,8) (37,42,1)
LINE#31 (31,59,8) (25,69,4)
LINE#32 (37,53,3) (36,53,7)
LINE#33 (60,9,3) (49,7,4)
LINE#34 (20,12,6) (36,10,1)
LINE#35 (39,43,2) (38,54,3)
LINE#36 (44,66,6) (65,49,7)
LINE#37 (23,12,2) (24,10,3)
LINE#38 (53,69,2) (69,58,5)
LINE#39 (64,67,2) (65,68,3)
LINE#40 (0,38,2) (0,55,8)
LINE#41 (8,61,2) (20,69,1)
LINE#42 (11,11,2) (5,0,2)
LINE#43 (51,58,4) (52,55,8)
LINE#44 (40,29,1) (56,21,5)
LINE#45 (28,46,7) (14,57,2)
LINE#46 (30,30,4) (67,48,3)
LINE#47 (37,55,1) (37,69,4)
LINE#48 (58,49,5) (0,64,6)
LINE#49 (66,10,6) (67,10,8)
LINE#50 (47,61,6) (48,68,4)
LINE#51 (48,23,2) (35,1,1)
LINE#52 (8,20,8) (17,9,8)
LINE#53 (21,41,1) (14,50,3)
LINE#54 (3,61,6) (2,61,8)
LINE#55 (17,12,2) (0,5,7)
LINE#56 (27,0,2) (29,2,1)
LINE#57 (20,32,7) (13,30,8)
LINE#58 (9,64,7) (10,68,2)
LINE#59 (60,50,8) (58,53,8)
LINE#60 (38,38,3) (41,49,1)
LINE#61 (60,22,3) (63,17,5)
LINE#62 (44,0,7) (35,3,1)
LINE#63 (42,29,8) (37,28,8)
LINE#64 (61,10,6) (67,8,8)
LINE#65 (66,61,3) (68,64,2)
LINE#66 (28,4,5) (11,0,5)
LINE#67 (6,32,8) (3,44,6)
LINE#68 (8,17,7) (4,0,4)
LINE#69 (25,2,5) (29,1,8)
LINE#70 (2,14,5) (31,13,1)
LINE#71 (44,28,3) (45,16,2)
LINE#72 (39,0,3) (35,6,1)
LINE#73 (19,67,5) (11,67,8)
LINE#74 (58,56,8) (69,69,4)
LINE#75 (41,27,6) (53,17,2)
LINE#76 (38,55,4) (43,65,6)
LINE#77 (43,10,5) (61,0,6)
LINE#78 (13,18,8) (7,21,8)
LINE#79 (36,67,2) (34,69,4)
LINE#80 (28,6,6) (31,4,5)
LINE#81 (59,55,4) (66,55,4)
LINE#82 (36,21,1) (37,22,1)
LINE#83 (48,55,1) (47,46,1)
LINE#84 (7,36,8) (8,42,8)
LINE#85 (5,43,2) (1,48,2)
LINE#86 (34,46,8) (22,59,8)
LINE#87 (40,69,2) (23,58,4)
LINE#88 (44,46,3) (46,46,2)
LINE#89 (14,57,7) (16,31,4)
LINE#90 (52,49,7) (68,69,2)
LINE#91 (33,39,3) (24,18,1)
LINE#92 (30,3,7) (33,8,6)
LINE#93 (66,36,8) (44,65,2)
LINE#94 (29,29,4) (40,36,2)
LINE#95 (27,27,5) (18,33,6)
LINE#96 (23,55,6) (41,66,6)
LINE#97 (20,59,8) (31,60,8)
LINE#98 (47,30,2) (52,23,1)
LINE#99 (4,36,4) (21,25,3)
LINE#100 (53,50,4) (56,60,5)
LINE#101 (33,19,5) (36,10,5)
LINE#102 (39,3,6) (24,13,8)
LINE#103 (44,29,5) (40,37,4)
LINE#104 (22,63,2) (16,69,1)
LINE#105 (27,33,1) (16,37,5)
LINE#106 (41,5,5) (55,21,7)
LINE#107 (57,15,6) (66,2,5)
LINE#108 (13,12,5) (37,13,4)
LINE#109 (47,47,5) (47,54,4)
LINE#110 (60,12,3) (67,53,3)
LINE#111 (44,56,5) (66,45,4)
LINE#112 (26,49,3) (27,63,8)
LINE#113 (49,30,5) (63,38,7)
LINE#114 (52,19,5) (57,16,8)
LINE#115 (23,57,2) (21,68,2)
LINE#116 (5,29,2) (5,32,1)
LINE#117 (16,24,1) (15,30,7)
LINE#118 (56,40,1) (45,44,2)
LINE#119 (16,39,7) (22,25,7)
LINE#120 (37,39,8) (42,39,7)
LINE#121 (41,65,3) (37,62,8)
LINE#122 (37,31,5) (37,27,6)
LINE#123 (20,8,7) (23,3,8)
LINE#124 (29,40,6) (31,34,6)
LINE#125 (42,31,1) (51,24,1)
LINE#126 (61,4,1) (61,2,4)
LINE#127 (37,61,7) (39,63,6)
LINE#128 (16,59,3) (3,48,5)
LINE#129 (27,3,2) (26,4,1)
LINE#130 (51,16,1) (50,15,1)
LINE#131 (57,26,5) (56,32,6)
LINE#132 (14,18,2) (36,11,4)
LINE#133 (58,11,1) (58,9,1)
LINE#134 (55,38,6) (49,41,3)
LINE#135 (67,1,2) (64,3,1)
LINE#136 (17,8,2) (8,11,2)
LINE#137 (33,60,5) (32,61,1)
LINE#138 (62,18,5) (64,20,5)
LINE#139 (46,5,6) (46,2,6)
LINE#140 (22,10,1) (17,1,3)
LINE#141 (48,44,1) (48,41,1)
LINE#142 (68,37,5) (63,18,8)
LINE#143 (42,46,1) (44,52,5)
LINE#144 (42,4,2) (39,4,1)
LINE#145 (49,12,8) (60,38,8)
LINE#146 (30,57,4) (32,62,4)
LINE#147 (6,40,1) (12,37,3)
LINE#148 (8,12,6) (1,37,3)
LINE#149 (41,22,5) (29,26,8)
LINE#150 (49,30,8) (46,36,1)
LINE#151 (11,10,5) (13,10,5)
LINE#152 (18,27,5) (32,42,5)
LINE#153 (64,67,5) (69,61,3)
LINE#154 (69,14,1) (62,33,1)
LINE#155 (10,44,7) (25,53,8)
LINE#156 (52,30,8) (49,26,8)
LINE#157 (32,8,3) (32,6,3)
LINE#158 (38,57,6) (34,62,7)
LINE#159 (51,22,2) (52,17,2)
LINE#160 (13,44,2) (24,40,8)
LINE#161 (11,19,3) (6,6,1)
LINE#162 (2,44,4) (8,36,4)
LINE#163 (6,3,2) (8,2,6)
LINE#164 (56,45,6) (58,55,4)
LINE#165 (29,9,2) (23,14,4)
LINE#166 (69,45,1) (69,39,1)
LINE#167 (44,16,4) (49,14,2)
LINE#168 (10,7,8) (9,25,5)
LINE#169 (51,58,2) (37,58,5)
LINE#170 (38,61,4) (35,59,4)
LINE#171 (11,7,3) (8,8,3)
LINE#172 (64,1,8) (65,1,7)
LINE#173 (29,45,8) (31,43,8)
LINE#174 (2,7,3) (1,4,4)
LINE#175 (2,17,5) (11,15,4)
LINE#176 (63,58,8) (61,62,8)
LINE#177 (11,50,6) (4,45,6)
LINE#178 (61,65,3) (69,67,5)
LINE#179 (36,30,1) (38,30,3)
LINE#180 (43,17,1) (50,12,1)
LINE#181 (51,4,7) (57,5,6)
LINE#182 (2,24,8) (7,20,7)
LINE#183 (19,22,3) (18,30,3)
LINE#184 (21,23,8) (12,22,7)
LINE#185 (66,36,6) (60,61,1)
LINE#186 (55,51,8) (53,58,6)
LINE#187 (46,45,4) (44,48,4)
LINE#188 (18,30,7) (20,34,4)
LINE#189 (16,17,8) (8,3,6)
LINE#190 (19,57,7) (22,59,7)
LINE#191 (53,5,1) (53,2,2)
LINE#192 (8,22,4) (7,36,2)
LINE#193 (54,55,5) (56,52,7)
LINE#194 (4,16,5) (6,19,5)
LINE#195 (10,61,8) (15,67,8)
LINE#196 (42,15,6) (55,23,8)
LINE#197 (49,33,5) (49,27,6)
LINE#198 (64,14,3) (57,15,4)
LINE#199 (51,13,8) (34,8,6)
LINE#200 (31,46,6) (31,61,4)
LINE#201 (44,5,6) (45,4,6)
LINE#202 (35,40,2) (35,61,6)
LINE#203 (40,9,4) (45,7,8)
LINE#204 (50,64,1) (51,67,4)
LINE#205 (4,67,4) (13,55,3)
LINE#206 (17,6,5) (8,10,5)
LINE#207 (34,7,5) (35,4,5)
LINE#208 (45,46,4) (34,37,5)
LINE#209 (50,50,6) (48,31,4)
LINE#210 (21,42,7) (22,47,2)
LINE#211 (65,35,5) (60,33,3)
LINE#212 (62,54,4) (63,45,3)
LINE#213 (12,18,7) (8,15,7)
LINE#214 (39,18,1) (39,14,3)
LINE#215 (45,18,8) (42,1,6)
LINE#216 (41,44,2) (43,38,2)
LINE#217 (30,12,1) (31,7,1)
LINE#218 (46,63,6) (48,58,7)
LINE#219 (65,45,6) (68,10,8)
LINE#220 (66,13,3) (61,12,6)
LINE#221 (49,46,5) (50,55,5)
LINE#222 (4,7,1) (3,6,2)
LINE#223 (47,54,7) (47,55,8)
LINE#224 (57,21,3) (58,19,2)
LINE#225 (44,43,8) (44,35,7)
LINE#226 (22,53,7) (15,50,8)
LINE#227 (37,31,1) (36,33,6)
LINE#228 (62,64,7) (59,47,2)
LINE#229 (22,39,5) (16,42,2)
LINE#230 (15,41,7) (8,39,8)
LINE#231 (30,55,7) (27,50,7)
LINE#232 (68,41,2) (66,44,3)
LINE#233 (63,36,3) (60,34,3)
LINE#234 (5,24,3) (3,21,1)
LINE#235 (13,65,2) (1,62,4)
LINE#236 (51,43,4) (51,37,1)
LINE#237 (11,54,7) (12,50,2)
LINE#238 (13,54,8) (20,57,1)
LINE#239 (37,56,5) (35,60,7)
LINE#240 (53,26,1) (45,42,4)
LINE#241 (66,26,3) (59,18,8)
LINE#242 (41,52,3) (35,48,7)
LINE#243 (4,56,1) (10,56,3)
LINE#244 (64,37,1) (61,34,8)
LINE#245 (41,23,3) (44,19,3)
LINE#246 (55,42,4) (54,47,4)
LINE#247 (15,54,5) (18,53,5)
LINE#248 (46,51,7) (41,54,7)
LINE#249 (24,9,2) (11,34,6)
LINE#250 (20,39,7) (22,33,6)
LINE#251 (7,8,6) (5,3,8)
LINE#252 (3,37,7) (10,38,7)
LINE#253 (11,7,2) (9,6,2)
LINE#254 (51,17,4) (56,16,5)
LINE#255 (7,15,5) (6,15,8)
LINE#256 (54,7,8) (53,6,7)
LINE#257 (12,21,1) (0,9,1)
LINE#258 (23,48,6) (28,46,6)
LINE#259 (65,19,3) (63,19,4)
LINE#260 (27,1,2) (17,1,2)
LINE#261 (7,46,2) (8,24,1)
LINE#262 (59,1,8) (44,0,5)
LINE#263 (21,1,8) (15,1,8)
LINE#264 (52,67,8) (53,58,8)
LINE#265 (37,56,2) (35,49,1)
LINE#266 (42,30,7) (39,30,7)
LINE#267 (53,22,8) (56,19,5)
LINE#268 (49,18,1) (49,20,1)
LINE#269 (20,20,5) (18,21,5)
LINE#270 (45,43,8) (62,43,8)
LINE#271 (51,57,3) (49,56,3)
LINE#272 (11,12,1) (13,15,3)
LINE#273 (26,48,3) (26,56,2)
LINE#274 (30,25,2) (37,32,2)
LINE#275 (61,15,2) (60,15,1)
LINE#276 (60,61,5) (69,62,8)
LINE#277 (31,35,8) (41,40,6)
LINE#278 (23,41,2) (29,33,2)
LINE#279 (18,60,8) (17,63,8)
LINE#280 (69,57,8) (66,57,8)
LINE#281 (57,60,2) (49,59,1)
LINE#282 (38,10,8) (39,11,7)
LINE#283 (35,0,7) (36,3,8)
LINE#284 (13,35,3) (28,33,2)
LINE#285 (56,61,8) (58,58,8)
LINE#286 (2,25,6) (15,5,4)
LINE#287 (33,50,1) (31,47,1)
LINE#288 (12,54,4) (23,48,8)
LINE#289 (39,9,3) (43,2,6)
LINE#290 (18,23,7) (16,18,4)
LINE#291 (63,30,3) (64,39,1)
LINE#292 (53,63,1) (64,57,3)
LINE#293 (39,59,6) (47,56,8)
LINE#294 (11,28,6) (10,35,6)
LINE#295 (55,51,2) (52,33,3)
LINE#296 (14,1,8) (13,1,5)
LINE#297 (28,10,2) (26,13,1)
LINE#298 (10,34,3) (12,35,3)
LINE#299 (32,58,2) (36,56,2)
LINE#300 (56,38,1) (57,34,5)
LINE#301 (13,50,6) (9,45,8)
LINE#302 (29,41,7) (27,48,7)
LINE#303 (52,12,6) (52,10,7)
LINE#304 (21,40,6) (20,41,7)
LINE#305 (41,62,7) (51,66,6)
LINE#306 (49,37,3) (50,39,3)
LINE#307 (14,28,3) (25,17,7)
LINE#308 (41,43,2) (40,44,2)
LINE#309 (7,69,6) (9,69,6)
LINE#310 (5,38,6) (1,51,8)
LINE#311 (28,30,3) (29,35,8)
LINE#312 (7,32,8) (6,27,6)
LINE#313 (39,21,7) (36,16,8)
LINE#314 (30,13,8) (37,14,8)
LINE#315 (51,0,1) (43,4,2)
LINE#316 (24,61,4) (25,69,3)
LINE#317 (19,22,2) (24,10,2)
LINE#318 (0,9,6) (6,14,6)
LINE#319 (6,45,2) (1,63,2)
LINE#320 (20,15,8) (18,18,8)
LINE#321 (52,55,1) (53,53,1)
LINE#322 (25,50,2) (29,45,2)
LINE#323 (65,46,6) (66,44,7)
LINE#324 (63,34,7) (68,35,8)
LINE#325 (7,52,1) (8,53,1)
LINE#326 (54,12,1) (59,10,3)
LINE#327 (7,50,8) (6,51,6)
LINE#328 (4,18,2) (11,16,5)
LINE#329 (1,52,1) (3,41,3)
LINE#330 (11,7,8) (12,10,6)
LINE#331 (19,10,5) (18,9,6)
LINE#332 (18,38,4) (7,37,2)
LINE#333 (66,9,5) (60,16,8)
LINE#334 (9,42,5) (9,46,2)
LINE#335 (60,19,4) (58,16,3)
LINE#336 (15,33,2) (12,24,1)
LINE#337 (25,50,6) (24,51,6)
LINE#338 (23,69,3) (21,69,3)
LINE#339 (43,25,7) (42,23,8)
LINE#340 (62,13,1) (60,14,4)
LINE#341 (67,67,8) (59,69,5)
LINE#342 (19,6,5) (22,0,8)
LINE#343 (42,58,6) (39,53,8)
LINE#344 (63,68,3) (67,57,5)
LINE#345 (47,62,5) (57,69,2)
LINE#346 (26,1,4) (24,1,8)
LINE#347 (29,16,5) (16,4,6)
LINE#348 (48,63,7) (40,69,7)
LINE#349 (8,28,7) (4,27,7)
LINE#350 (35,31,3) (34,27,4)
LINE#351 (47,14,5) (43,17,5)
LINE#352 (11,61,5) (8,66,2)
LINE#353 (5,30,3) (9,30,2)
LINE#354 (25,27,4) (32,29,6)
LINE#355 (69,43,2) (68,46,2)
LINE#356 (24,39,7) (23,37,6)
LINE#357 (44,7,7) (49,11,7)
LINE#358 (21,12,7) (34,3,7)
LINE#359 (1,26,8) (1,30,8)
LINE#360 (64,31,6) (54,30,8)
LINE#361 (13,34,8) (18,30,8)
LINE#362 (16,60,2) (11,67,3)
LINE#363 (21,10,5) (27,12,1)
LINE#364 (16,21,8) (14,20,8)
LINE#365 (33,7,5) (29,0,6)
LINE#366 (37,24,5) (32,13,7)
LINE#367 (66,32,8) (69,38,6)
LINE#368 (42,3,5) (40,4,6)
LINE#369 (34,34,3) (37,33,1)
LINE#370 (29,57,3) (26,42,4)
LINE#371 (32,51,6) (34,50,6)
LINE#372 (54,31,4) (51,31,1)
LINE#373 (67,31,2) (62,32,6)
LINE#374 (21,22,5) (24,16,4)
LINE#375 (23,46,5) (28,45,5)
LINE#376 (37,69,1) (51,69,1)
LINE#377 (31,25,8) (35,28,8)
LINE#378 (25,29,2) (22,25,2)
LINE#379 (67,65,7) (67,66,8)
LINE#380 (11,12,6) (11,14,6)
LINE#381 (36,29,3) (29,30,4)
LINE#382 (2,36,6) (1,30,6)
LINE#383 (56,8,5) (56,9,4)
LINE#384 (39,35,7) (38,31,7)
LINE#385 (22,24,3) (21,21,1)
LINE#386 (23,39,7) (35,40,5)
LINE#387 (7,19,4) (1,8,4)
LINE#388 (28,45,7) (26,45,7)
LINE#389 (9,41,7) (21,40,3)
LINE#390 (33,57,7) (36,59,4)
LINE#391 (1,25,2) (14,18,1)
LINE#392 (34,40,8) (40,40,4)
LINE#393 (17,39,5) (19,43,6)
LINE#394 (47,61,3) (51,69,4)
LINE#395 (60,65,1) (63,67,1)
LINE#396 (42,64,5) (41,61,8)
LINE#397 (30,19,3) (37,24,4)
LINE#398 (10,61,2) (13,67,1)
LINE#399 (51,48,8) (56,50,8)
LINE#400 (45,53,2) (44,48,1)
LINE#401 (47,34,2) (48,35,1)
LINE#402 (43,61,1) (48,57,2)
LINE#403 (40,66,7) (43,58,5)
LINE#404 (3,7,6) (4,5,6)
LINE#405 (11,39,3) (13,39,3)
LINE#406 (61,29,5) (61,32,5)
LINE#407 (2,32,2) (5,31,1)
LINE#408 (52,31,3) (51,29,3)
LINE#409 (3,34,2) (8,30,3)
LINE#410 (36,29,4) (39,27,5)
LINE#411 (46,43,1) (51,40,1)
LINE#412 (66,18,1) (61,10,3)
LINE#413 (31,10,5) (25,10,8)
LINE#414 (58,44,5) (55,42,5)
LINE#415 (54,59,5) (55,64,5)
LINE#416 (18,68,7) (17,69,6)
LINE#417 (5,12,2) (7,14,1)
LINE#418 (68,33,8) (67,32,8)
LINE#419 (50,62,3) (52,62,3)
LINE#420 (3,2,2) (3,3,1)
LINE#421 (4,68,1) (9,68,2)
LINE#422 (52,7,6) (49,0,1)
LINE#423 (33,37,5) (33,31,4)
LINE#424 (7,39,2) (10,37,3)
LINE#425 (25,1,5) (19,0,5)
LINE#426 (59,23,7) (63,26,6)
LINE#427 (44,32,1) (45,28,2)
LINE#428 (37,35,6) (39,34,6)
LINE#429 (67,59,2) (65,52,1)
LINE#430 (18,37,8) (19,37,7)
LINE#431 (54,3,6) (56,1,5)
LINE#432 (67,61,6) (63,64,7)
LINE#433 (37,67,5) (38,66,7)
LINE#434 (8,35,6) (2,37,1)
LINE#435 (54,6,4) (55,5,2)
LINE#436 (40,53,2) (39,54,3)
LINE#437 (65,62,5) (69,68,8)
LINE#438 (3,67,5) (7,65,2)
LINE#439 (38,27,2) (38,24,6)
LINE#440 (47,8,5) (45,2,5)
LINE#441 (30,27,2) (32,25,2)
LINE#442 (21,9,7) (33,14,6)
LINE#443 (35,11,7) (31,11,8)
LINE#444 (7,61,4) (5,52,1)
LINE#445 (19,57,3) (20,56,1)
LINE#446 (5,45,3) (2,59,4)
LINE#447 (68,17,5) (59,8,6)
LINE#448 (27,64,3) (28,68,5)
LINE#449 (51,21,2) (52,22,8)
LINE#450 (33,47,7) (39,38,8)
LINE#451 (23,49,2) (19,42,3)
LINE#452 (3,63,8) (0,69,5)
LINE#453 (69,2,5) (66,0,6)
LINE#454 (44,24,7) (43,23,8)
LINE#455 (46,51,1) (52,52,1)
LINE#456 (34,3,6) (34,0,8)
LINE#457 (41,13,1) (38,14,2)
LINE#458 (36,47,1) (36,49,1)
LINE#459 (28,19,3) (31,19,3)
LINE#460 (41,17,6) (38,13,7)
LINE#461 (43,62,2) (39,69,3)
LINE#462 (27,27,1) (21,28,1)
LINE#463 (53,21,2) (50,21,1)
LINE#464 (9,50,3) (10,49,6)
LINE#465 (16,46,5) (13,42,8)
LINE#466 (51,53,8) (51,55,1)
LINE#467 (28,9,6) (29,10,8)
LINE#468 (26,61,7) (16,69,8)
LINE#469 (65,25,1) (67,21,1)
LINE#470 (1,56,2) (7,53,1)
LINE#471 (13,38,6) (17,42,7)
LINE#472 (7,69,4) (18,67,3)
LINE#473 (9,64,2) (9,63,1)
LINE#474 (30,36,3) (30,40,2)
LINE#475 (3,60,2) (2,51,1)
LINE#476 (9,46,1) (7,46,1)
LINE#477 (33,3,8) (32,2,8)
LINE#478 (61,48,8) (63,50,8)
LINE#479 (50,32,2) (51,31,2)
LINE#480 (38,20,5) (40,19,5)
LINE#481 (35,20,1) (30,18,1)
LINE#482 (27,19,1) (25,12,4)
LINE#483 (14,61,1) (13,61,4)
LINE#484 (37,7,4) (34,10,5)
LINE#485 (46,16,1) (52,9,2)
LINE#486 (25,14,6) (25,16,6)
LINE#487 (18,28,3) (24,18,6)
LINE#488 (25,1,3) (26,2,1)
LINE#489 (35,56,6) (35,54,6)
LINE#490 (60,24,4) (57,25,4)
LINE#491 (55,34,6) (67,30,2)
LINE#492 (69,51,3) (65,53,3)
LINE#493 (6,30,3) (1,32,3)
LINE#494 (59,63,8) (59,65,8)
LINE#495 (50,40,7) (30,42,7)
LINE#496 (57,6,8) (56,3,8)
LINE#497 (48,37,7) (45,35,7)
LINE#498 (9,58,4) (12,58,7)
LINE#499 (54,26,2) (68,23,1)
LINE#500 (22,55,4) (24,53,5)
LINE#501 (50,29,5) (52,31,6)
LINE#502 (10,30,4) (10,32,4)
LINE#503 (62,46,1) (63,41,1)
LINE#504 (46,1,4) (45,0,5)
LINE#505 (66,44,2) (66,47,1)
LINE#506 (42,24,6) (40,23,7)
LINE#507 (15,55,6) (4,57,5)
LINE#508 (46,43,8) (43,38,8)
LINE#509 (65,43,6) (47,41,7)
LINE#510 (24,29,8) (23,32,8)
LINE#511 (45,22,2) (36,16,2)
LINE#512 (9,47,4) (9,48,3)
LINE#513 (8,54,8) (7,54,8)
LINE#514 (13,39,6) (12,40,6)
LINE#515 (1,68,7) (8,69,8)
LINE#516 (2,38,2) (7,43,2)
LINE#517 (1,43,7) (0,42,7)
LINE#518 (61,40,2) (67,31,4)
LINE#519 (42,46,4) (46,46,3)
LINE#520 (35,12,3) (35,14,2)
LINE#521 (21,2,4) (18,3,4)
LINE#522 (20,63,4) (18,69,4)
LINE#523 (26,47,1) (28,50,1)
LINE#524 (66,48,3) (67,49,1)
LINE#525 (1,33,8) (8,13,8)
LINE#526 (24,61,8) (19,68,7)
LINE#527 (20,69,6) (20,68,4)
LINE#528 (4,25,8) (1,24,8)
LINE#529 (25,63,2) (26,59,2)
LINE#530 (14,57,8) (2,48,5)
LINE#531 (67,44,5) (62,41,8)
LINE#532 (69,4,2) (67,0,2)
LINE#533 (58,27,3) (60,28,3)
LINE#534 (60,40,2) (53,36,1)
LINE#535 (35,39,4) (40,42,5)
LINE#536 (33,17,7) (24,23,4)
LINE#537 (2,17,3) (0,14,2)
LINE#538 (26,60,7) (29,59,7)
LINE#539 (30,4,3) (28,10,4)
LINE#540 (40,41,6) (37,48,7)
LINE#541 (57,55,4) (45,48,4)
LINE#542 (22,3,2) (26,3,7)
LINE#543 (15,40,5) (15,41,6)
LINE#544 (26,1,7) (24,0,6)
LINE#545 (55,30,6) (51,29,6)
LINE#546 (34,36,7) (31,29,7)
LINE#547 (53,47,2) (51,49,1)
LINE#548 (4,58,2) (4,57,1)
LINE#549 (9,18,6) (9,17,7)
LINE#550 (11,32,5) (11,34,4)
LINE#551 (53,50,2) (51,41,1)
LINE#552 (61,38,4) (63,40,3)
LINE#553 (53,60,1) (51,62,3)
LINE#554 (68,29,5) (69,33,4)
LINE#555 (19,50,3) (18,50,4)
LINE#556 (66,16,4) (66,18,4)
LINE#557 (23,34,1) (21,33,1)
LINE#558 (40,15,8) (40,16,5)
LINE#559 (8,18,3) (6,18,1)
LINE#560 (28,23,1) (23,19,3)
LINE#561 (22,41,4) (20,42,5)
LINE#562 (62,52,4) (60,52,1)
LINE#563 (47,13,4) (40,22,2)
LINE#564 (61,14,5) (65,17,1)
LINE#565 (3,36,2) (5,33,1)
LINE#566 (47,9,8) (47,10,7)
LINE#567 (13,56,4) (13,57,4)
LINE#568 (23,2,3) (33,1,1)
LINE#569 (45,35,5) (45,36,4)
LINE#570 (22,5,7) (29,5,3)
LINE#571 (39,62,6) (38,61,3)
LINE#572 (62,47,4) (62,44,4)
LINE#573 (12,44,8) (20,55,5)
LINE#574 (56,43,5) (61,46,4)
LINE#575 (18,1,8) (21,2,8)
LINE#576 (15,4,8) (13,4,8)
LINE#577 (34,49,4) (35,46,4)
LINE#578 (38,57,8) (37,59,8)
LINE#579 (10,47,4) (16,49,1)
LINE#580 (53,53,5) (54,52,5)
LINE#581 (67,59,4) (65,58,4)
LINE#582 (32,69,7) (32,65,7)
LINE#583 (2,30,3) (2,31,1)
LINE#584 (55,6,6) (57,2,7)
LINE#585 (22,20,8) (24,16,5)
LINE#586 (48,12,5) (46,7,7)
LINE#587 (32,55,6) (24,55,7)
LINE#588 (57,29,1) (60,28,2)
LINE#589 (67,45,7) (68,45,7)
LINE#590 (9,28,8) (4,30,8)
LINE#591 (56,7,3) (55,4,2)
LINE#592 (39,62,4) (38,62,2)
LINE#593 (22,2,1) (16,0,2)
LINE#594 (7,65,5) (8,66,4)
LINE#595 (55,23,4) (57,23,5)
LINE#596 (20,63,3) (20,66,3)
LINE#597 (25,45,2) (26,46,1)
LINE#598 (10,39,6) (11,41,7)
LINE#599 (52,21,2) (51,20,2)
LINE#600 (3,36,8) (4,35,8)
LINE#601 (22,5,3) (19,3,4)
LINE#602 (52,59,4) (53,61,4)
LINE#603 (26,61,8) (24,61,7)
LINE#604 (44,39,7) (40,42,7)
LINE#605 (35,45,1) (35,47,1)
LINE#606 (65,24,2) (63,22,5)
LINE#607 (58,38,6) (59,39,7)
LINE#608 (56,11,4) (56,8,6)
LINE#609 (14,50,6) (14,53,5)
LINE#610 (58,30,8) (57,31,8)
LINE#611 (47,11,6) (48,7,3)
LINE#612 (9,26,7) (8,28,8)
LINE#613 (68,29,4) (69,28,4)
LINE#614 (0,36,6) (2,37,6)
LINE#615 (19,35,7) (20,34,7)
LINE#616 (20,62,5) (19,63,4)
LINE#617 (65,58,1) (63,56,2)
LINE#618 (34,68,5) (30,63,8)
LINE#619 (48,17,4) (49,14,8)
LINE#620 (64,17,1) (60,17,1)
LINE#621 (40,54,5) (42,55,6)
LINE#622 (8,23,5) (16,17,7)
LINE#623 (64,30,5) (61,31,5)
LINE#624 (16,62,8) (18,62,8)
LINE#625 (23,15,6) (19,19,6)
LINE#626 (31,52,5) (32,51,5)
LINE#627 (48,13,6) (52,11,6)
LINE#628 (55,0,3) (55,2,4)
LINE#629 (69,26,8) (69,24,8)
LINE#630 (13,62,6) (14,64,6)
LINE#631 (15,22,8) (20,27,8)
LINE#632 (3,66,8) (5,65,8)
LINE#633 (18,20,7) (9,33,6)
LINE#634 (42,28,7) (45,30,7)
LINE#635 (61,8,5) (62,6,4)
LINE#636 (18,65,5) (16,59,1)
LINE#637 (53,36,5) (49,36,5)
LINE#638 (61,17,5) (61,18,6)
LINE#639 (7,45,4) (6,46,6)
LINE#640 (16,40,8) (13,40,8)
LINE#641 (33,8,1) (32,7,3)
LINE#642 (33,21,1) (33,25,1)
LINE#643 (53,2,1) (53,4,1)
LINE#644 (49,4,5) (49,6,5)
LINE#645 (31,46,5) (34,40,5)
LINE#646 (1,69,7) (3,68,6)
LINE#647 (35,5,5) (35,7,5)
LINE#648 (13,23,6) (18,28,7)
LINE#649 (68,27,8) (62,29,8)
LINE#650 (38,47,4) (34,48,5)
LINE#651 (22,44,3) (24,43,4)
LINE#652 (7,55,5) (9,58,7)
LINE#653 (29,49,4) (26,50,4)
LINE#654 (4,57,2) (1,57,2)
LINE#655 (58,52,6) (56,51,5)
LINE#656 (53,20,4) (55,21,5)
LINE#657 (68,56,2) (67,55,3)
LINE#658 (27,67,5) (28,64,5)
LINE#659 (63,15,5) (65,16,5)
LINE#660 (47,21,1) (52,10,1)
LINE#661 (0,18,4) (0,17,3)
LINE#662 (21,55,2) (15,50,1)
LINE#663 (48,33,4) (45,31,4)
LINE#664 (19,1,7) (20,4,6)
LINE#665 (8,24,6) (7,22,8)
LINE#666 (62,49,7) (61,53,8)
LINE#667 (11,50,7) (14,47,8)
LINE#668 (56,5,5) (56,3,5)
LINE#669 (15,65,3) (12,68,4)
LINE#670 (26,33,8) (25,32,8)
LINE#671 (59,12,6) (59,6,5)
LINE#672 (8,16,5) (9,14,5)
LINE#673 (26,16,8) (30,16,5)
LINE#674 (36,9,3) (36,7,3)
LINE#675 (64,39,6) (68,40,1)
LINE#676 (19,7,2) (22,9,1)
LINE#677 (52,65,4) (47,68,4)
LINE#678 (34,52,3) (39,61,1)
LINE#679 (7,39,6) (2,45,7)
LINE#680 (49,42,4) (47,45,4)
LINE#681 (34,58,8) (37,58,8)
LINE#682 (26,64,6) (25,64,7)
LINE#683 (7,5,8) (6,10,8)
LINE#684 (22,21,3) (15,12,3)
LINE#685 (35,50,5) (43,49,5)
LINE#686 (11,26,6) (12,26,6)
LINE#687 (45,21,2) (45,22,1)
LINE#688 (64,33,6) (69,36,4)
LINE#689 (13,54,6) (11,54,6)
LINE#690 (1,3,7) (0,4,7)
LINE#691 (10,18,2) (15,18,1)
LINE#692 (55,21,3) (54,19,3)
LINE#693 (9,40,1) (10,39,1)
LINE#694 (26,17,3) (24,17,3)
LINE#695 (55,41,2) (58,44,3)
LINE#696 (16,10,1) (14,14,1)
LINE#697 (67,15,1) (65,15,1)
LINE#698 (36,65,2) (37,56,1)
LINE#699 (65,37,7) (67,39,6)
LINE#700 (24,45,2) (16,46,2)
LINE#701 (17,38,1) (21,42,4)
LINE#702 (18,55,8) (17,56,5)
LINE#703 (27,6,5) (31,13,2)
LINE#704 (0,56,5) (1,49,6)
LINE#705 (2,46,5) (3,43,5)
LINE#706 (17,33,7) (17,34,4)
LINE#707 (2,53,7) (1,54,7)
LINE#708 (69,17,3) (65,11,4)
LINE#709 (13,40,4) (12,39,3)
LINE#710 (38,22,8) (39,25,8)
LINE#711 (49,61,4) (48,57,4)
LINE#712 (29,59,1) (31,64,1)
LINE#713 (45,8,6) (50,12,8)
LINE#714 (46,27,4) (50,23,2)
LINE#715 (33,10,5) (31,12,8)
LINE#716 (11,56,6) (9,55,6)
LINE#717 (46,56,1) (42,56,1)
LINE#718 (30,15,4) (31,13,4)
LINE#719 (61,43,7) (58,51,6)
LINE#720 (21,68,6) (26,65,8)
LINE#721 (54,14,1) (51,11,2)
LINE#722 (12,32,1) (7,33,1)
LINE#723 (41,1,8) (44,1,8)
LINE#724 (39,52,1) (40,57,1)
LINE#725 (40,41,4) (42,41,5)
LINE#726 (14,57,1) (14,59,1)
LINE#727 (40,64,4) (40,65,3)
LINE#728 (52,0,5) (54,3,4)
LINE#729 (12,22,5) (3,25,6)
LINE#730 (26,32,1) (29,34,1)
LINE#731 (25,28,4) (24,22,2)
LINE#732 (14,3,5) (19,3,2)
LINE#733 (66,51,4) (69,50,4)
LINE#734 (7,58,1) (6,60,1)
LINE#735 (36,66,6) (33,64,6)
LINE#736 (15,49,5) (15,48,4)
LINE#737 (22,12,8) (23,18,7)
LINE#738 (68,33,1) (69,31,2)
LINE#739 (48,48,7) (54,41,8)
LINE#740 (61,40,3) (63,45,1)
LINE#741 (9,54,3) (9,47,2)
LINE#742 (18,54,7) (21,53,7)
LINE#743 (19,58,4) (18,57,4)
LINE#744 (43,63,8) (44,60,6)
LINE#745 (52,26,2) (53,26,3)
LINE#746 (14,6,1) (20,7,4)
LINE#747 (7,46,8) (9,46,8)
LINE#748 (40,35,5) (37,35,4)
LINE#749 (2,58,1) (1,62,2)
LINE#750 (61,4,4) (60,3,4)
LINE#751 (49,36,8) (46,33,7)
LINE#752 (18,16,8) (17,17,8)
LINE#753 (64,20,8) (61,21,6)
LINE#754 (48,50,4) (47,52,4)
LINE#755 (2,2,1) (4,0,1)
LINE#756 (62,7,2) (61,11,1)
LINE#757 (11,66,6) (11,68,6)
LINE#758 (24,29,3) (26,30,3)
LINE#759 (11,34,8) (21,35,5)
LINE#760 (22,35,4) (21,33,5)
LINE#761 (31,16,1) (28,18,3)
LINE#762 (2,14,4) (1,18,8)
LINE#763 (69,15,4) (68,13,4)
LINE#764 (67,28,7) (68,29,6)
LINE#765 (2,34,5) (8,34,2)
LINE#766 (0,41,2) (1,38,2)
LINE#767 (59,25,7) (64,19,8)
LINE#768 (15,26,2) (8,32,1)
LINE#769 (60,68,8) (46,68,7)
LINE#770 (10,11,7) (5,6,8)
LINE#771 (27,40,6) (28,38,6)
LINE#772 (25,3,5) (26,4,5)
LINE#773 (63,32,8) (63,30,6)
LINE#774 (45,53,8) (43,54,8)
LINE#775 (3,59,3) (6,54,3)
LINE#776 (28,52,1) (27,54,2)
LINE#777 (56,8,4) (53,8,1)
LINE#778 (9,43,3) (7,42,2)
LINE#779 (6,30,5) (4,30,6)
LINE#780 (66,9,6) (67,8,6)
LINE#781 (16,28,1) (11,24,2)
LINE#782 (23,40,1) (24,38,1)
LINE#783 (42,46,7) (45,44,7)
LINE#784 (30,22,2) (30,19,2)
LINE#785 (14,9,4) (16,9,2)
LINE#786 (3,14,7) (3,15,5)
LINE#787 (1,28,2) (7,23,2)
LINE#788 (42,27,2) (49,24,1)
LINE#789 (42,3,2) (38,3,2)
LINE#790 (4,36,6) (1,34,7)
LINE#791 (66,37,8) (69,38,8)
LINE#792 (27,53,2) (20,52,2)
LINE#793 (52,39,7) (54,33,7)
LINE#794 (39,41,1) (40,40,1)
LINE#795 (35,20,7) (35,18,7)
LINE#796 (18,30,1) (17,29,2)
LINE#797 (53,8,8) (53,10,8)
LINE#798 (50,67,4) (51,59,2)
LINE#799 (27,21,3) (24,21,3)
LINE#800 (16,7,8) (12,5,7)
LINE#801 (11,48,4) (10,50,4)
LINE#802 (55,0,1) (55,3,1)
LINE#803 (59,7,1) (57,4,2)
LINE#804 (3,11,6) (1,15,7)
LINE#805 (35,19,4) (32,18,2)
LINE#806 (25,67,6) (18,69,8)
LINE#807 (66,21,6) (65,21,5)
LINE#808 (47,50,7) (52,46,6)
LINE#809 (31,15,2) (29,16,2)
LINE#810 (14,28,8) (15,24,8)
LINE#811 (3,54,4) (5,55,5)
LINE#812 (5,58,6) (4,59,5)
LINE#813 (46,13,7) (47,10,8)
LINE#814 (33,0,6) (29,0,8)
LINE#815 (46,49,3) (46,50,2)
LINE#816 (4,46,4) (4,49,5)
LINE#817 (38,46,1) (41,46,2)
LINE#818 (22,10,6) (21,9,4)
LINE#819 (44,43,4) (41,36,6)
LINE#820 (50,33,2) (49,36,3)
LINE#821 (34,43,4) (36,41,4)
LINE#822 (65,3,3) (63,0,3)
LINE#823 (3,22,3) (12,17,3)
LINE#824 (1,54,3) (0,58,1)
LINE#825 (42,57,3) (40,59,4)
LINE#826 (15,44,8) (19,45,6)
LINE#827 (24,21,8) (23,21,4)
LINE#828 (34,67,5) (30,64,7)
LINE#829 (29,51,6) (26,49,6)
LINE#830 (49,2,8) (50,1,8)
LINE#831 (62,22,1) (66,25,1)
LINE#832 (39,45,4) (39,49,4)
LINE#833 (29,37,3) (32,37,1)
LINE#834 (66,50,7) (61,53,7)
LINE#835 (42,49,3) (40,51,3)
LINE#836 (29,56,7) (29,54,8)
LINE#837 (62,34,1) (62,37,1)
LINE#838 (2,64,4) (1,67,5)
LINE#839 (10,46,4) (11,43,6)
LINE#840 (61,63,3) (57,64,1)
LINE#841 (40,1,3) (42,0,3)
LINE#842 (35,68,1) (40,65,5)
LINE#843 (26,47,4) (27,48,5)
LINE#844 (42,8,8) (42,12,8)
LINE#845 (31,19,6) (31,23,6)
LINE#846 (67,2,3) (68,3,2)
LINE#847 (52,27,2) (54,32,1)
LINE#848 (50,20,8) (51,21,6)
LINE#849 (34,23,5) (38,22,7)
LINE#850 (12,56,2) (13,61,1)
LINE#851 (57,43,2) (57,42,1)
LINE#852 (51,27,3) (52,27,6)
LINE#853 (48,40,8) (49,43,8)
LINE#854 (0,26,6) (4,17,8)
LINE#855 (45,56,2) (50,61,1)
LINE#856 (68,43,5) (66,38,5)
LINE#857 (61,67,6) (60,69,6)
LINE#858 (57,27,3) (60,30,1)
LINE#859 (44,1,3) (47,0,2)
LINE#860 (34,30,1) (36,29,1)
LINE#861 (60,43,8) (59,43,7)
LINE#862 (43,5,3) (40,5,4)
LINE#863 (44,35,5) (39,30,3)
LINE#864 (15,3,3) (14,0,4)
LINE#865 (46,32,6) (26,32,8)
LINE#866 (12,44,3) (18,45,1)
LINE#867 (48,35,4) (49,33,3)
LINE#868 (25,25,6) (30,25,7)
LINE#869 (65,13,6) (68,13,6)
LINE#870 (62,58,7) (65,55,7)
LINE#871 (66,20,2) (64,21,2)
LINE#872 (45,21,5) (47,22,5)
LINE#873 (68,35,6) (67,35,7)
LINE#874 (48,27,5) (49,27,2)
LINE#875 (68,50,4) (66,50,8)
LINE#876 (6,68,7) (7,67,5)
LINE#877 (34,9,8) (33,11,8)
LINE#878 (25,29,5) (25,30,6)
LINE#879 (5,39,8) (6,41,8)
LINE#880 (36,67,7) (36,65,8)
LINE#881 (15,60,7) (18,58,4)
LINE#882 (39,17,3) (42,15,4)
LINE#883 (29,14,3) (33,14,3)
LINE#884 (19,36,4) (15,36,4)
LINE#885 (52,42,6) (51,44,6)
LINE#886 (22,14,1) (19,22,1)
LINE#887 (6,58,7) (4,57,7)
LINE#888 (16,63,6) (7,60,5)
LINE#889 (42,61,4) (42,64,4)
LINE#890 (12,36,8) (11,35,8)
LINE#891 (47,16,6) (50,13,4)
LINE#892 (60,43,3) (61,44,4)
LINE#893 (23,58,3) (23,57,4)
LINE#894 (27,63,6) (27,61,6)
LINE#895 (65,68,2) (65,67,3)
LINE#896 (28,4,6) (26,7,5)
LINE#897 (53,63,7) (53,61,7)
LINE#898 (19,2,8) (20,1,8)
LINE#899 (10,28,1) (7,29,1)
LINE#900 (38,21,3) (31,22,3)
LINE#901 (62,34,4) (63,33,4)
LINE#902 (39,48,2) (39,51,2)
LINE#903 (28,5,8) (23,10,8)
LINE#904 (48,43,2) (46,43,2)
LINE#905 (47,68,2) (47,65,1)
LINE#906 (3,41,2) (6,41,1)
LINE#907 (24,3,2) (21,3,2)
LINE#908 (5,12,1) (8,17,1)
LINE#909 (53,48,3) (54,50,3)
LINE#910 (43,67,1) (40,67,1)
LINE#911 (52,46,8) (54,46,7)
LINE#912 (51,45,3) (50,44,2)
LINE#913 (43,53,1) (41,54,4)
LINE#914 (58,24,6) (59,21,7)
LINE#915 (65,34,2) (69,35,1)
LINE#916 (25,28,1) (26,30,1)
LINE#917 (0,21,1) (1,22,1)
LINE#918 (50,39,5) (48,37,3)
LINE#919 (0,11,6) (1,9,6)
LINE#920 (17,4,5) (16,6,8)
LINE#921 (33,43,3) (31,48,4)
LINE#922 (28,55,5) (29,50,4)
LINE#923 (42,67,7) (46,69,8)
LINE#924 (34,33,6) (36,33,4)
LINE#925 (61,3,1) (60,7,1)
LINE#926 (30,3,6) (31,4,6)
LINE#927 (19,13,2) (17,13,2)
LINE#928 (36,43,8) (38,38,8)
LINE#929 (6,10,2) (4,14,2)
LINE#930 (23,49,8) (19,48,7)
LINE#931 (57,11,4) (58,10,5)
LINE#932 (64,68,7) (65,67,7)
LINE#933 (22,2,3) (20,2,3)
LINE#934 (16,25,6) (14,27,7)
LINE#935 (49,10,6) (48,5,6)
LINE#936 (64,59,1) (65,57,1)
LINE#937 (63,37,4) (61,36,3)
LINE#938 (38,55,8) (41,46,7)
LINE#939 (34,50,3) (30,52,3)
LINE#940 (36,42,5) (39,42,5)
LINE#941 (5,65,2) (6,68,2)
LINE#942 (30,4,6) (29,13,7)
LINE#943 (10,45,7) (10,47,7)
LINE#944 (59,65,2) (61,67,1)
LINE#945 (68,59,6) (69,58,6)
LINE#946 (5,2,8) (6,2,7)
LINE#947 (52,47,7) (53,46,1)
LINE#948 (39,13,1) (40,14,2)
LINE#949 (6,19,1) (9,21,1)
LINE#950 (35,39,1) (28,38,1)
LINE#951 (7,48,5) (9,48,5)
LINE#952 (7,51,7) (6,49,7)
LINE#953 (31,27,1) (36,27,1)
LINE#954 (56,6,5) (53,6,5)
LINE#955 (5,65,3) (2,65,4)
LINE#956 (18,10,2) (18,11,4)
LINE#957 (66,52,4) (68,52,4)
LINE#958 (10,27,8) (11,29,8)
LINE#959 (41,33,8) (42,34,7)
LINE#960 (7,50,4) (15,50,5)
LINE#961 (23,52,1) (26,53,1)
LINE#962 (44,7,2) (43,6,1)
LINE#963 (55,66,7) (57,65,8)
LINE#964 (4,69,8) (5,68,8)
LINE#965 (38,8,8) (37,10,8)
LINE#966 (2,55,6) (3,50,5)
LINE#967 (65,27,5) (66,28,5)
LINE#968 (64,43,5) (67,41,6)
LINE#969 (2,32,5) (4,32,5)
LINE#970 (24,44,8) (23,45,8)
LINE#971 (39,40,8) (34,45,7)
LINE#972 (57,24,2) (65,23,2)
LINE#973 (66,33,7) (68,34,6)
LINE#974 (15,10,7) (15,7,7)
LINE#975 (16,28,8) (16,33,8)
LINE#976 (28,43,8) (30,45,8)
LINE#977 (34,41,7) (33,41,8)
LINE#978 (11,53,2) (9,52,3)
LINE#979 (52,68,1) (53,67,1)
LINE#980 (13,28,6) (13,31,5)
LINE#981 (16,37,3) (17,41,3)
LINE#982 (69,66,8) (69,64,7)
LINE#983 (54,58,3) (52,57,3)
LINE#984 (24,24,6) (21,22,4)
LINE#985 (63,6,3) (66,8,3)
LINE#986 (28,13,2) (27,14,4)
LINE#987 (23,7,6) (21,8,6)
LINE#988 (67,10,4) (67,9,5)
LINE#989 (23,2,7) (21,3,7)
LINE#990 (24,27,4) (23,26,4)
LINE#991 (42,3,7) (47,5,7)
LINE#992 (0,6,1) (1,5,1)
LINE#993 (35,28,3) (36,27,3)
LINE#994 (56,60,8) (58,60,8)
LINE#995 (58,68,2) (59,66,2)
LINE#996 (37,1,8) (36,2,8)
LINE#997 (47,42,4) (46,44,4)
LINE#998 (6,23,3) (5,28,3)
LINE#999 (62,45,6) (63,45,5)
