SIZE 15X15X2
LINE_NUM 47
LINE#1 (6,2,2) (14,8,2)
LINE#2 (14,6,1) (14,8,1)
LINE#3 (9,1,1) (11,11,2)
LINE#4 (1,10,1) (0,7,2)
LINE#5 (4,5,2) (9,1,2)
LINE#6 (11,8,1) (12,7,1)
LINE#7 (7,7,2) (8,1,1)
LINE#8 (3,1,1) (7,0,2)
LINE#9 (0,14,1) (1,14,2)
LINE#10 (4,5,1) (3,7,2)
LINE#11 (0,6,2) (3,4,2)
LINE#12 (10,8,1) (11,7,1)
LINE#13 (13,1,2) (14,13,2)
LINE#14 (14,3,1) (14,1,2)
LINE#15 (14,4,2) (10,1,1)
LINE#16 (11,13,2) (7,11,2)
LINE#17 (2,6,2) (6,5,2)
LINE#18 (6,3,1) (4,3,1)
LINE#19 (12,11,1) (10,12,1)
LINE#20 (5,12,2) (2,14,1)
LINE#21 (2,1,2) (3,3,2)
LINE#22 (1,5,1) (1,4,2)
LINE#23 (8,9,2) (9,6,2)
LINE#24 (6,9,1) (0,12,1)
LINE#25 (5,1,2) (4,2,2)
LINE#26 (11,10,2) (11,8,2)
LINE#27 (8,9,1) (12,9,1)
LINE#28 (0,0,2) (1,0,1)
LINE#29 (13,4,1) (14,5,1)
LINE#30 (1,2,1) (0,0,1)
LINE#31 (11,14,1) (13,14,1)
LINE#32 (4,1,1) (1,1,2)
LINE#33 (10,7,1) (9,13,2)
LINE#34 (7,14,2) (4,13,1)
LINE#35 (10,5,1) (10,3,1)
LINE#36 (6,11,1) (3,11,2)
LINE#37 (1,12,1) (2,13,1)
LINE#38 (2,8,1) (2,6,1)
LINE#39 (7,8,2) (6,9,2)
LINE#40 (0,7,1) (0,10,1)
LINE#41 (14,9,2) (14,11,2)
LINE#42 (13,0,2) (11,0,2)
LINE#43 (5,1,1) (6,0,1)
LINE#44 (11,14,2) (12,14,2)
LINE#45 (5,11,1) (4,11,1)
LINE#46 (7,4,1) (7,3,1)
LINE#47 (7,2,2) (8,2,2)
