SIZE 23X12X6
LINE_NUM 49
LINE#1 (3,3,1) (22,2,1)
LINE#2 (11,2,2) (19,10,3)
LINE#3 (5,3,5) (4,6,5)
LINE#4 (3,2,1) (5,10,1)
LINE#5 (2,0,3) (5,9,3)
LINE#6 (9,7,1) (0,8,1)
LINE#7 (13,9,1) (0,7,1)
LINE#8 (7,6,2) (21,10,2)
LINE#9 (5,0,2) (12,1,4)
LINE#10 (3,1,6) (5,2,6)
LINE#11 (1,4,2) (16,6,3)
LINE#12 (2,4,4) (8,3,4)
LINE#13 (9,10,5) (2,10,6)
LINE#14 (18,5,1) (13,5,2)
LINE#15 (14,6,1) (16,4,1)
LINE#16 (4,9,3) (10,11,4)
LINE#17 (21,6,1) (22,10,3)
LINE#18 (17,10,2) (1,3,3)
LINE#19 (5,10,4) (12,2,4)
LINE#20 (14,11,2) (22,7,2)
LINE#21 (15,3,4) (21,10,6)
LINE#22 (13,10,5) (19,3,5)
LINE#23 (13,6,2) (20,4,4)
LINE#24 (1,1,2) (1,11,2)
LINE#25 (17,1,2) (21,1,4)
LINE#26 (8,2,5) (3,10,5)
LINE#27 (6,3,1) (7,9,1)
LINE#28 (4,7,1) (13,1,2)
LINE#29 (0,0,5) (13,10,6)
LINE#30 (2,1,4) (5,4,5)
LINE#31 (21,4,3) (20,8,6)
LINE#32 (2,2,6) (6,8,6)
LINE#33 (18,4,1) (20,9,1)
LINE#34 (6,9,4) (11,10,4)
LINE#35 (16,7,5) (22,0,5)
LINE#36 (0,0,1) (1,10,2)
LINE#37 (20,2,3) (20,9,5)
LINE#38 (6,10,1) (10,11,1)
LINE#39 (7,9,5) (0,11,6)
LINE#40 (16,3,4) (22,0,6)
LINE#41 (2,3,1) (9,4,1)
LINE#42 (22,1,1) (13,1,1)
LINE#43 (8,8,6) (11,1,6)
LINE#44 (18,7,5) (19,0,6)
LINE#45 (6,11,3) (16,8,3)
LINE#46 (9,10,3) (18,7,4)
LINE#47 (16,8,4) (15,3,5)
LINE#48 (10,1,6) (2,7,6)
LINE#49 (12,3,6) (3,10,6)
