SIZE 8X4X8
LINE_NUM 20
LINE#1 (0,0,1) (7,1,8)
LINE#2 (1,0,1) (3,1,4)
LINE#3 (0,0,8) (6,1,8)
LINE#4 (5,0,4) (6,1,4)
LINE#5 (5,0,7) (1,1,7)
LINE#6 (0,1,2) (5,1,7)
LINE#7 (4,0,5) (6,0,6)
LINE#8 (7,1,1) (7,1,4)
LINE#9 (2,1,2) (2,1,4)
LINE#10 (2,1,6) (3,1,6)
LINE#11 (0,2,1) (7,3,8)
LINE#12 (1,2,1) (3,3,4)
LINE#13 (0,2,8) (6,3,8)
LINE#14 (5,2,4) (6,3,4)
LINE#15 (5,2,7) (1,3,7)
LINE#16 (0,3,2) (5,3,7)
LINE#17 (4,2,5) (6,2,6)
LINE#18 (7,3,1) (7,3,4)
LINE#19 (2,3,2) (2,3,4)
LINE#20 (2,3,6) (3,3,6)
