SIZE 36X19X4
LINE_NUM 71
LINE#1 (1,1,1) (13,1,1)
LINE#2 (7,2,1) (7,15,1)
LINE#3 (8,4,1) (12,7,1)
LINE#4 (8,3,1) (8,5,1)
LINE#5 (8,2,1) (8,7,1)
LINE#6 (12,2,1) (8,9,1)
LINE#7 (15,3,1) (6,15,1)
LINE#8 (15,1,1) (6,16,1)
LINE#9 (2,4,1) (4,4,1)
LINE#10 (15,0,1) (1,4,1)
LINE#11 (16,12,1) (9,16,1)
LINE#12 (2,16,1) (4,16,1)
LINE#13 (11,14,1) (17,16,1)
LINE#14 (16,16,1) (14,17,1)
LINE#15 (5,3,1) (5,16,1)
LINE#16 (12,16,1) (17,17,1)
LINE#17 (2,3,1) (21,9,1)
LINE#18 (4,3,1) (3,14,1)
LINE#19 (26,6,1) (32,6,1)
LINE#20 (27,6,1) (31,6,1)
LINE#21 (29,7,1) (24,11,1)
LINE#22 (22,12,1) (28,12,1)
LINE#23 (21,12,1) (29,12,1)
LINE#24 (31,3,1) (22,5,1)
LINE#25 (25,3,1) (30,4,1)
LINE#26 (23,4,1) (28,5,1)
LINE#27 (22,13,1) (31,15,1)
LINE#28 (28,13,1) (23,14,1)
LINE#29 (30,14,1) (25,15,1)
LINE#30 (27,7,1) (26,11,1)
LINE#31 (26,8,1) (28,11,1)
LINE#32 (24,8,1) (29,10,1)
LINE#33 (23,9,1) (31,10,1)
LINE#34 (0,0,2) (5,5,2)
LINE#35 (1,1,2) (4,4,2)
LINE#36 (2,2,2) (3,3,2)
LINE#37 (0,7,2) (5,12,2)
LINE#38 (1,8,2) (4,11,2)
LINE#39 (2,9,2) (3,10,2)
LINE#40 (1,15,2) (4,18,2)
LINE#41 (23,1,3) (23,14,3)
LINE#42 (2,16,2) (3,17,2)
LINE#43 (7,0,2) (19,12,2)
LINE#44 (8,1,2) (18,11,2)
LINE#45 (9,2,2) (17,10,2)
LINE#46 (10,3,2) (16,9,2)
LINE#47 (11,4,2) (15,8,2)
LINE#48 (12,5,2) (14,7,2)
LINE#49 (21,0,2) (35,0,2)
LINE#50 (22,1,2) (35,1,2)
LINE#51 (23,2,2) (35,2,2)
LINE#52 (24,3,2) (35,3,2)
LINE#53 (25,4,2) (35,4,2)
LINE#54 (26,5,2) (35,5,2)
LINE#55 (27,6,2) (35,6,2)
LINE#56 (28,7,2) (35,7,2)
LINE#57 (29,8,2) (35,8,2)
LINE#58 (30,9,2) (35,9,2)
LINE#59 (31,10,2) (35,10,2)
LINE#60 (32,11,2) (35,11,2)
LINE#61 (33,12,2) (35,12,2)
LINE#62 (34,13,2) (35,14,2)
LINE#63 (13,2,4) (2,13,4)
LINE#64 (7,9,4) (13,15,4)
LINE#65 (0,0,3) (8,3,3)
LINE#66 (0,12,3) (8,15,3)
LINE#67 (13,0,3) (35,15,3)
LINE#68 (13,1,3) (34,15,3)
LINE#69 (2,15,4) (10,15,4)
LINE#70 (15,5,4) (15,13,4)
LINE#71 (16,15,4) (26,15,4)
