SIZE 72X72X8
LINE_NUM 52
LINE#1 (0,0,1) (9,9,8)
LINE#2 (0,0,8) (9,9,1)
LINE#3 (0,0,4) (1,0,4)
LINE#4 (0,1,4) (1,1,4)
LINE#5 (0,2,4) (1,2,4)
LINE#6 (0,3,4) (1,3,4)
LINE#7 (0,4,4) (1,4,4)
LINE#8 (0,5,4) (1,5,4)
LINE#9 (0,6,4) (1,6,4)
LINE#10 (0,7,4) (1,7,4)
LINE#11 (0,8,4) (1,8,4)
LINE#12 (0,9,4) (1,9,4)
LINE#13 (2,2,4) (3,2,4)
LINE#14 (2,3,4) (3,3,4)
LINE#15 (2,4,4) (3,4,4)
LINE#16 (2,5,4) (3,5,4)
LINE#17 (2,6,4) (3,6,4)
LINE#18 (2,8,4) (3,8,4)
LINE#19 (2,9,4) (3,9,4)
LINE#20 (2,0,4) (2,1,4)
LINE#21 (3,0,4) (4,0,4)
LINE#22 (3,7,4) (4,7,4)
LINE#23 (4,1,4) (5,1,4)
LINE#24 (4,2,4) (5,2,4)
LINE#25 (4,3,4) (5,3,4)
LINE#26 (4,4,4) (5,4,4)
LINE#27 (4,5,4) (5,5,4)
LINE#28 (4,6,4) (5,6,4)
LINE#29 (4,8,4) (5,8,4)
LINE#30 (4,9,4) (5,9,4)
LINE#31 (6,4,4) (6,5,4)
LINE#32 (7,4,4) (7,5,4)
LINE#33 (8,4,4) (8,5,4)
LINE#34 (9,4,4) (9,5,4)
LINE#35 (6,8,4) (6,9,4)
LINE#36 (7,8,4) (7,9,4)
LINE#37 (8,8,4) (8,9,4)
LINE#38 (9,8,4) (9,9,4)
LINE#39 (5,7,4) (6,7,4)
LINE#40 (5,0,4) (6,0,4)
LINE#41 (6,1,4) (7,1,4)
LINE#42 (6,2,4) (6,3,4)
LINE#43 (7,0,4) (8,0,4)
LINE#44 (7,3,4) (8,3,4)
LINE#45 (7,6,4) (8,6,4)
LINE#46 (7,7,4) (8,7,4)
LINE#47 (8,1,4) (8,2,4)
LINE#48 (9,0,4) (9,1,4)
LINE#49 (9,2,4) (9,3,4)
LINE#50 (9,6,4) (9,7,4)
LINE#51 (0,9,1) (9,0,8)
LINE#52 (9,0,1) (0,9,8)
