SIZE 10X10X2
LINE_NUM 22
LINE#1 (8,2,1) (6,4,2)
LINE#2 (0,1,2) (8,3,1)
LINE#3 (7,1,2) (9,2,1)
LINE#4 (2,6,2) (9,1,1)
LINE#5 (0,4,1) (0,2,2)
LINE#6 (0,0,2) (6,7,1)
LINE#7 (2,1,1) (2,2,2)
LINE#8 (1,5,1) (1,7,2)
LINE#9 (8,9,1) (6,8,1)
LINE#10 (8,5,2) (9,9,1)
LINE#11 (4,7,2) (7,5,1)
LINE#12 (2,8,1) (1,6,1)
LINE#13 (1,8,2) (0,9,1)
LINE#14 (3,3,2) (2,1,2)
LINE#15 (7,2,2) (5,4,2)
LINE#16 (0,8,2) (0,3,2)
LINE#17 (7,3,2) (7,1,1)
LINE#18 (6,1,2) (5,2,2)
LINE#19 (5,6,2) (4,6,2)
LINE#20 (9,4,2) (9,5,2)
LINE#21 (4,4,1) (4,3,1)
LINE#22 (2,3,1) (2,2,1)
