SIZE 60X36X8
LINE_NUM 102
LINE#1 (17,2,1) (13,24,8)
LINE#2 (15,3,2) (12,7,8)
LINE#3 (13,4,1) (12,13,7)
LINE#4 (11,5,3) (11,20,6)
LINE#5 (13,9,2) (2,33,6)
LINE#6 (15,8,3) (10,12,5)
LINE#7 (17,7,1) (5,7,5)
LINE#8 (23,6,3) (7,22,8)
LINE#9 (18,4,4) (17,22,6)
LINE#10 (15,14,2) (10,14,5)
LINE#11 (18,24,1) (4,32,8)
LINE#12 (4,21,1) (6,31,5)
LINE#13 (3,19,3) (8,30,7)
LINE#14 (7,28,2) (0,29,7)
LINE#15 (5,23,3) (6,26,6)
LINE#16 (4,27,3) (22,32,5)
LINE#17 (2,28,3) (5,18,6)
LINE#18 (1,31,3) (9,23,7)
LINE#19 (7,6,1) (8,13,6)
LINE#20 (6,4,2) (1,11,4)
LINE#21 (5,2,1) (14,12,4)
LINE#22 (3,3,4) (4,12,8)
LINE#23 (4,5,2) (8,15,6)
LINE#24 (14,28,1) (14,33,8)
LINE#25 (12,29,1) (16,32,8)
LINE#26 (15,30,4) (15,23,7)
LINE#27 (16,16,3) (16,25,7)
LINE#28 (14,26,3) (11,22,5)
LINE#29 (3,10,3) (5,9,5)
LINE#30 (2,13,1) (6,11,5)
LINE#31 (14,17,2) (7,17,5)
LINE#32 (9,21,3) (12,18,4)
LINE#33 (24,0,4) (20,5,7)
LINE#34 (25,0,1) (21,2,8)
LINE#35 (26,0,3) (25,2,6)
LINE#36 (19,34,2) (13,31,6)
LINE#37 (22,19,4) (22,33,8)
LINE#38 (21,19,2) (22,34,8)
LINE#39 (20,19,3) (26,25,5)
LINE#40 (32,33,3) (35,33,5)
LINE#41 (33,31,4) (36,33,7)
LINE#42 (33,32,4) (37,33,6)
LINE#43 (26,1,2) (32,3,5)
LINE#44 (21,1,1) (24,4,6)
LINE#45 (22,6,3) (21,17,6)
LINE#46 (26,4,2) (24,6,7)
LINE#47 (24,35,1) (37,35,7)
LINE#48 (37,8,3) (24,34,4)
LINE#49 (24,33,2) (38,35,4)
LINE#50 (21,3,2) (21,6,8)
LINE#51 (38,3,1) (33,1,8)
LINE#52 (35,17,2) (37,32,7)
LINE#53 (36,17,3) (35,22,6)
LINE#54 (37,17,2) (36,30,6)
LINE#55 (39,18,3) (39,35,8)
LINE#56 (31,26,3) (22,28,7)
LINE#57 (22,29,1) (27,31,5)
LINE#58 (22,30,1) (26,30,6)
LINE#59 (26,3,1) (34,3,7)
LINE#60 (35,3,2) (59,16,5)
LINE#61 (36,3,4) (37,5,5)
LINE#62 (34,11,4) (29,19,8)
LINE#63 (34,12,3) (30,20,4)
LINE#64 (34,13,3) (37,12,5)
LINE#65 (26,7,3) (24,8,5)
LINE#66 (23,9,2) (24,15,7)
LINE#67 (23,16,1) (24,9,7)
LINE#68 (29,7,4) (36,8,5)
LINE#69 (33,25,4) (32,29,6)
LINE#70 (23,17,4) (23,19,7)
LINE#71 (25,28,4) (30,26,8)
LINE#72 (28,5,1) (31,9,4)
LINE#73 (33,7,2) (35,8,4)
LINE#74 (37,13,3) (34,20,4)
LINE#75 (35,24,2) (35,28,8)
LINE#76 (23,18,1) (24,21,8)
LINE#77 (30,9,2) (27,12,6)
LINE#78 (37,11,3) (32,22,8)
LINE#79 (26,14,2) (27,22,7)
LINE#80 (26,9,3) (26,12,5)
LINE#81 (40,6,1) (44,21,5)
LINE#82 (59,17,2) (44,20,5)
LINE#83 (54,6,2) (44,19,6)
LINE#84 (39,6,2) (45,19,7)
LINE#85 (49,5,4) (45,20,8)
LINE#86 (54,20,3) (44,26,4)
LINE#87 (40,16,1) (54,19,4)
LINE#88 (55,19,2) (50,34,4)
LINE#89 (55,20,3) (49,34,5)
LINE#90 (55,21,2) (54,27,5)
LINE#91 (46,9,3) (48,15,5)
LINE#92 (48,16,3) (56,32,6)
LINE#93 (51,15,3) (44,4,5)
LINE#94 (55,4,3) (51,16,5)
LINE#95 (46,25,3) (44,30,5)
LINE#96 (51,13,3) (46,26,5)
LINE#97 (49,25,2) (53,25,7)
LINE#98 (53,9,1) (50,25,6)
LINE#99 (53,8,2) (53,24,6)
LINE#100 (45,6,2) (50,5,7)
LINE#101 (46,8,1) (49,12,8)
LINE#102 (55,30,2) (43,32,6)
