SIZE 15X15X4
LINE_NUM 81
LINE#1 (4,1,1) (5,0,1)
LINE#2 (6,1,1) (14,1,3)
LINE#3 (2,13,2) (13,2,3)
LINE#4 (1,5,1) (5,5,1)
LINE#5 (0,14,1) (2,13,1)
LINE#6 (7,4,2) (10,7,4)
LINE#7 (12,8,2) (11,13,3)
LINE#8 (8,12,1) (10,8,1)
LINE#9 (6,12,3) (6,14,1)
LINE#10 (12,1,2) (13,0,3)
LINE#11 (4,8,3) (0,14,2)
LINE#12 (9,11,1) (14,6,4)
LINE#13 (4,11,3) (0,13,1)
LINE#14 (0,7,2) (8,0,4)
LINE#15 (9,13,4) (9,12,1)
LINE#16 (12,10,3) (7,10,1)
LINE#17 (5,2,4) (1,7,2)
LINE#18 (1,8,4) (0,3,2)
LINE#19 (6,8,1) (5,7,4)
LINE#20 (1,3,3) (1,2,1)
LINE#21 (8,14,3) (8,11,2)
LINE#22 (5,10,2) (1,8,3)
LINE#23 (8,0,1) (6,0,1)
LINE#24 (14,14,3) (10,13,4)
LINE#25 (12,9,3) (13,10,3)
LINE#26 (6,4,4) (5,2,3)
LINE#27 (7,14,2) (6,14,4)
LINE#28 (11,9,4) (12,8,3)
LINE#29 (4,9,2) (5,8,3)
LINE#30 (12,7,1) (13,5,1)
LINE#31 (12,13,3) (14,12,3)
LINE#32 (5,14,2) (6,14,3)
LINE#33 (12,7,2) (12,5,3)
LINE#34 (8,4,3) (7,1,3)
LINE#35 (2,8,3) (2,6,4)
LINE#36 (3,2,3) (0,5,4)
LINE#37 (10,9,4) (13,13,4)
LINE#38 (4,12,1) (3,11,1)
LINE#39 (4,8,2) (3,7,4)
LINE#40 (8,10,3) (9,9,3)
LINE#41 (3,13,3) (2,12,2)
LINE#42 (14,10,1) (14,7,1)
LINE#43 (8,12,2) (9,13,2)
LINE#44 (9,2,4) (8,3,4)
LINE#45 (6,4,2) (8,4,1)
LINE#46 (2,3,2) (2,2,1)
LINE#47 (13,13,1) (13,9,2)
LINE#48 (7,9,4) (6,10,4)
LINE#49 (5,10,3) (2,8,4)
LINE#50 (7,9,1) (8,8,1)
LINE#51 (12,1,4) (12,3,4)
LINE#52 (13,7,2) (14,10,4)
LINE#53 (6,11,2) (6,9,2)
LINE#54 (11,0,3) (9,4,4)
LINE#55 (4,12,2) (3,13,2)
LINE#56 (3,1,3) (4,0,3)
LINE#57 (10,2,4) (9,3,4)
LINE#58 (14,11,2) (13,10,1)
LINE#59 (4,11,4) (2,11,4)
LINE#60 (1,1,3) (1,1,1)
LINE#61 (9,7,2) (9,5,2)
LINE#62 (9,0,1) (11,0,1)
LINE#63 (8,9,3) (8,10,2)
LINE#64 (1,1,4) (1,4,4)
LINE#65 (14,4,3) (14,4,4)
LINE#66 (3,10,2) (3,9,2)
LINE#67 (5,4,3) (5,4,1)
LINE#68 (1,11,3) (1,11,2)
LINE#69 (2,5,2) (2,4,2)
LINE#70 (6,12,2) (5,12,2)
LINE#71 (5,5,4) (6,5,4)
LINE#72 (3,14,1) (2,14,1)
LINE#73 (0,11,4) (0,10,4)
LINE#74 (12,10,4) (11,10,4)
LINE#75 (12,1,1) (13,1,1)
LINE#76 (3,5,1) (4,5,1)
LINE#77 (4,1,4) (5,1,4)
LINE#78 (10,2,3) (9,2,3)
LINE#79 (6,9,4) (5,9,4)
LINE#80 (11,8,1) (12,8,1)
LINE#81 (9,0,3) (10,0,3)
