SIZE 50X50X4
LINE_NUM 825
LINE#1 (34,45,1) (16,36,2)
LINE#2 (10,19,1) (17,7,2)
LINE#3 (5,22,2) (4,22,1)
LINE#4 (8,19,4) (41,20,1)
LINE#5 (20,0,4) (12,9,4)
LINE#6 (40,30,4) (42,41,1)
LINE#7 (1,4,2) (4,20,1)
LINE#8 (27,35,4) (21,43,3)
LINE#9 (38,13,2) (28,7,1)
LINE#10 (30,21,2) (10,6,2)
LINE#11 (43,2,4) (48,1,1)
LINE#12 (20,10,4) (12,15,1)
LINE#13 (11,44,4) (12,47,2)
LINE#14 (33,38,1) (27,34,4)
LINE#15 (12,20,3) (3,10,1)
LINE#16 (47,49,1) (31,46,4)
LINE#17 (23,30,2) (43,24,1)
LINE#18 (17,26,2) (17,10,4)
LINE#19 (35,22,4) (30,22,3)
LINE#20 (5,9,2) (10,7,4)
LINE#21 (30,19,3) (0,0,1)
LINE#22 (5,42,3) (1,44,4)
LINE#23 (15,5,3) (26,9,3)
LINE#24 (13,3,4) (21,4,2)
LINE#25 (14,31,3) (29,25,4)
LINE#26 (44,37,3) (25,20,4)
LINE#27 (3,10,4) (8,7,3)
LINE#28 (49,33,3) (49,32,2)
LINE#29 (30,8,2) (12,8,4)
LINE#30 (18,42,3) (21,41,4)
LINE#31 (6,40,2) (0,23,4)
LINE#32 (12,24,2) (5,23,4)
LINE#33 (42,23,3) (43,31,2)
LINE#34 (28,5,2) (22,1,2)
LINE#35 (36,49,1) (43,49,2)
LINE#36 (7,37,1) (39,17,4)
LINE#37 (10,11,4) (10,8,3)
LINE#38 (17,46,2) (43,48,1)
LINE#39 (8,13,4) (12,13,1)
LINE#40 (43,35,1) (23,15,1)
LINE#41 (11,33,1) (24,31,1)
LINE#42 (37,16,3) (38,19,4)
LINE#43 (17,13,3) (16,18,3)
LINE#44 (18,41,4) (26,31,2)
LINE#45 (22,24,4) (24,22,4)
LINE#46 (43,46,4) (34,47,4)
LINE#47 (33,25,2) (41,25,1)
LINE#48 (47,4,3) (46,5,4)
LINE#49 (17,29,4) (18,15,4)
LINE#50 (44,45,3) (46,48,4)
LINE#51 (32,27,2) (31,31,4)
LINE#52 (32,21,3) (36,2,1)
LINE#53 (5,8,4) (0,0,2)
LINE#54 (35,1,3) (30,0,4)
LINE#55 (35,41,2) (33,47,3)
LINE#56 (25,26,4) (25,33,3)
LINE#57 (8,5,2) (0,1,1)
LINE#58 (11,36,4) (31,45,4)
LINE#59 (6,45,3) (14,48,1)
LINE#60 (31,38,4) (35,27,3)
LINE#61 (13,24,2) (17,26,3)
LINE#62 (37,4,3) (27,12,4)
LINE#63 (6,35,4) (11,13,1)
LINE#64 (42,39,1) (29,46,1)
LINE#65 (7,31,3) (19,11,4)
LINE#66 (20,39,1) (21,37,1)
LINE#67 (19,28,1) (21,20,3)
LINE#68 (0,42,4) (25,32,3)
LINE#69 (0,6,3) (8,8,3)
LINE#70 (24,26,1) (17,18,4)
LINE#71 (12,17,1) (4,44,2)
LINE#72 (25,6,2) (30,0,3)
LINE#73 (5,30,3) (3,27,3)
LINE#74 (13,19,2) (17,15,2)
LINE#75 (6,34,1) (8,31,1)
LINE#76 (45,36,2) (47,48,4)
LINE#77 (39,45,2) (37,41,3)
LINE#78 (12,40,4) (4,34,4)
LINE#79 (18,6,4) (33,6,4)
LINE#80 (49,28,1) (49,32,3)
LINE#81 (31,0,4) (30,9,1)
LINE#82 (29,13,2) (28,11,3)
LINE#83 (46,37,2) (46,46,2)
LINE#84 (43,5,4) (43,17,1)
LINE#85 (29,23,1) (23,19,1)
LINE#86 (10,18,3) (13,20,3)
LINE#87 (7,36,3) (6,35,3)
LINE#88 (49,23,2) (39,16,4)
LINE#89 (8,39,4) (4,35,4)
LINE#90 (49,11,4) (45,21,4)
LINE#91 (23,41,4) (21,48,4)
LINE#92 (8,46,4) (7,47,1)
LINE#93 (2,15,3) (2,15,1)
LINE#94 (2,35,2) (1,37,4)
LINE#95 (48,1,2) (42,3,1)
LINE#96 (30,8,4) (31,7,4)
LINE#97 (3,13,2) (8,12,2)
LINE#98 (17,47,1) (15,47,1)
LINE#99 (24,26,2) (22,25,4)
LINE#100 (38,1,4) (36,0,4)
LINE#101 (21,14,2) (20,6,1)
LINE#102 (28,16,4) (20,15,4)
LINE#103 (6,7,2) (1,4,1)
LINE#104 (36,14,3) (30,22,4)
LINE#105 (27,9,1) (28,10,2)
LINE#106 (7,26,3) (6,22,1)
LINE#107 (29,42,4) (30,45,2)
LINE#108 (2,40,2) (1,33,1)
LINE#109 (24,21,2) (25,16,4)
LINE#110 (45,3,3) (49,2,4)
LINE#111 (5,40,4) (9,32,2)
LINE#112 (44,21,3) (42,21,3)
LINE#113 (32,37,2) (45,36,3)
LINE#114 (1,24,1) (0,23,2)
LINE#115 (37,23,1) (35,17,2)
LINE#116 (22,39,4) (25,36,2)
LINE#117 (15,24,1) (17,24,1)
LINE#118 (8,49,2) (5,49,4)
LINE#119 (27,24,1) (32,24,1)
LINE#120 (33,21,1) (35,20,3)
LINE#121 (46,13,1) (44,13,1)
LINE#122 (35,13,1) (34,16,1)
LINE#123 (13,1,2) (21,0,2)
LINE#124 (26,18,1) (29,22,1)
LINE#125 (38,31,2) (42,30,2)
LINE#126 (5,43,4) (3,44,4)
LINE#127 (19,4,4) (17,6,3)
LINE#128 (3,9,3) (3,1,2)
LINE#129 (16,42,1) (14,42,1)
LINE#130 (38,17,2) (40,19,1)
LINE#131 (9,26,4) (10,27,4)
LINE#132 (13,31,4) (13,29,1)
LINE#133 (19,11,1) (19,11,3)
LINE#134 (2,22,3) (2,12,1)
LINE#135 (41,25,4) (49,25,3)
LINE#136 (29,43,2) (33,49,4)
LINE#137 (31,20,1) (30,13,3)
LINE#138 (20,29,2) (12,21,3)
LINE#139 (48,44,4) (48,47,3)
LINE#140 (48,20,4) (48,24,2)
LINE#141 (29,47,4) (27,46,2)
LINE#142 (20,49,1) (22,49,1)
LINE#143 (36,34,4) (33,34,4)
LINE#144 (23,1,3) (24,0,3)
LINE#145 (7,22,4) (10,25,3)
LINE#146 (39,37,3) (30,39,4)
LINE#147 (24,28,1) (25,29,1)
LINE#148 (40,41,2) (35,20,2)
LINE#149 (33,14,3) (36,10,2)
LINE#150 (7,35,4) (11,37,1)
LINE#151 (17,5,4) (21,0,4)
LINE#152 (29,2,3) (27,8,3)
LINE#153 (17,37,4) (21,34,3)
LINE#154 (32,11,2) (29,20,4)
LINE#155 (0,28,3) (1,32,3)
LINE#156 (3,33,2) (4,30,1)
LINE#157 (0,42,3) (5,41,3)
LINE#158 (25,2,1) (26,1,1)
LINE#159 (7,37,3) (11,28,2)
LINE#160 (8,19,3) (1,10,1)
LINE#161 (27,19,3) (26,14,3)
LINE#162 (26,28,2) (25,28,1)
LINE#163 (26,39,2) (23,40,3)
LINE#164 (46,7,2) (41,9,2)
LINE#165 (26,8,2) (24,6,1)
LINE#166 (20,36,3) (12,44,2)
LINE#167 (37,49,3) (40,49,3)
LINE#168 (26,34,1) (26,32,2)
LINE#169 (20,25,3) (21,28,3)
LINE#170 (11,32,4) (13,30,4)
LINE#171 (18,32,3) (16,30,2)
LINE#172 (4,40,2) (4,43,3)
LINE#173 (45,5,4) (42,0,2)
LINE#174 (46,21,1) (49,18,2)
LINE#175 (3,43,1) (11,39,3)
LINE#176 (5,10,1) (7,10,2)
LINE#177 (24,47,2) (24,45,2)
LINE#178 (46,3,1) (48,8,4)
LINE#179 (1,12,4) (3,12,4)
LINE#180 (1,0,3) (20,1,4)
LINE#181 (37,38,4) (32,40,4)
LINE#182 (41,29,2) (39,29,3)
LINE#183 (28,26,2) (32,26,2)
LINE#184 (22,20,4) (23,21,2)
LINE#185 (46,35,4) (44,45,4)
LINE#186 (37,36,2) (41,43,1)
LINE#187 (5,16,1) (5,14,2)
LINE#188 (39,44,4) (43,48,4)
LINE#189 (16,25,2) (12,27,1)
LINE#190 (0,43,4) (11,40,4)
LINE#191 (44,42,1) (45,45,1)
LINE#192 (6,36,3) (7,36,2)
LINE#193 (8,39,3) (8,41,4)
LINE#194 (4,11,2) (2,11,2)
LINE#195 (32,4,4) (31,5,4)
LINE#196 (25,7,3) (23,7,3)
LINE#197 (42,8,3) (43,6,4)
LINE#198 (8,41,2) (6,47,4)
LINE#199 (48,41,4) (48,38,4)
LINE#200 (7,38,2) (6,39,2)
LINE#201 (28,29,3) (31,21,3)
LINE#202 (4,5,3) (1,1,3)
LINE#203 (9,29,3) (9,26,3)
LINE#204 (12,36,1) (11,33,4)
LINE#205 (39,1,2) (37,2,2)
LINE#206 (31,7,1) (29,9,3)
LINE#207 (21,10,2) (21,12,2)
LINE#208 (9,4,4) (5,7,1)
LINE#209 (19,41,1) (19,44,1)
LINE#210 (33,2,3) (32,1,3)
LINE#211 (10,49,4) (7,49,4)
LINE#212 (2,20,4) (13,18,3)
LINE#213 (26,41,1) (25,45,1)
LINE#214 (1,34,4) (0,33,4)
LINE#215 (32,36,1) (31,37,2)
LINE#216 (2,47,4) (2,44,3)
LINE#217 (29,37,3) (30,36,3)
LINE#218 (36,12,2) (40,13,1)
LINE#219 (47,36,1) (48,36,4)
LINE#220 (3,6,4) (3,8,4)
LINE#221 (46,28,3) (48,29,3)
LINE#222 (22,39,3) (20,29,4)
LINE#223 (11,46,3) (12,47,1)
LINE#224 (18,16,1) (20,15,1)
LINE#225 (15,23,2) (17,23,2)
LINE#226 (14,5,3) (16,7,4)
LINE#227 (16,2,4) (10,5,2)
LINE#228 (30,5,1) (33,6,1)
LINE#229 (34,30,1) (34,29,3)
LINE#230 (45,26,1) (41,26,1)
LINE#231 (33,4,2) (36,1,3)
LINE#232 (1,7,2) (3,9,2)
LINE#233 (6,29,3) (4,31,3)
LINE#234 (27,39,1) (25,39,1)
LINE#235 (14,20,4) (12,25,4)
LINE#236 (44,1,1) (43,2,1)
LINE#237 (17,37,3) (13,39,4)
LINE#238 (9,48,3) (11,49,2)
LINE#239 (5,5,1) (4,9,3)
LINE#240 (9,14,1) (10,18,2)
LINE#241 (29,29,1) (29,37,2)
LINE#242 (22,44,4) (25,48,3)
LINE#243 (41,13,3) (41,15,3)
LINE#244 (43,15,2) (40,14,3)
LINE#245 (23,48,3) (22,46,1)
LINE#246 (0,49,2) (4,49,2)
LINE#247 (47,43,3) (45,44,4)
LINE#248 (1,2,3) (1,8,2)
LINE#249 (6,4,4) (5,7,4)
LINE#250 (37,45,1) (37,47,2)
LINE#251 (14,22,1) (17,22,1)
LINE#252 (36,14,4) (40,12,3)
LINE#253 (35,3,4) (36,4,4)
LINE#254 (1,14,2) (9,19,1)
LINE#255 (46,29,3) (46,32,1)
LINE#256 (22,13,1) (22,11,1)
LINE#257 (27,22,4) (25,22,4)
LINE#258 (1,44,1) (3,44,1)
LINE#259 (4,37,4) (4,39,4)
LINE#260 (3,3,2) (4,3,3)
LINE#261 (1,18,4) (2,17,4)
LINE#262 (38,27,4) (43,29,2)
LINE#263 (16,49,2) (14,49,2)
LINE#264 (38,3,1) (38,5,1)
LINE#265 (28,29,1) (27,25,1)
LINE#266 (38,9,3) (39,6,4)
LINE#267 (37,39,1) (38,33,1)
LINE#268 (11,1,2) (7,4,1)
LINE#269 (37,39,4) (43,39,4)
LINE#270 (46,11,2) (45,12,2)
LINE#271 (29,2,2) (26,2,3)
LINE#272 (8,12,4) (10,15,4)
LINE#273 (32,38,3) (27,38,4)
LINE#274 (0,47,1) (2,48,1)
LINE#275 (36,44,1) (28,39,3)
LINE#276 (34,21,1) (34,22,2)
LINE#277 (23,40,1) (23,42,1)
LINE#278 (9,38,2) (10,45,2)
LINE#279 (9,2,3) (19,1,3)
LINE#280 (5,42,1) (5,43,2)
LINE#281 (40,21,4) (41,20,4)
LINE#282 (4,16,4) (7,15,4)
LINE#283 (48,31,3) (43,31,4)
LINE#284 (14,1,2) (17,0,3)
LINE#285 (13,33,4) (22,33,2)
LINE#286 (47,23,3) (47,25,3)
LINE#287 (40,47,2) (37,47,1)
LINE#288 (30,18,1) (32,19,3)
LINE#289 (43,5,2) (42,6,2)
LINE#290 (20,2,1) (16,1,1)
LINE#291 (33,37,4) (32,38,4)
LINE#292 (39,22,3) (40,21,3)
LINE#293 (41,23,1) (38,23,1)
LINE#294 (42,38,1) (42,36,1)
LINE#295 (24,8,1) (25,10,3)
LINE#296 (12,12,3) (11,14,3)
LINE#297 (26,20,1) (29,18,2)
LINE#298 (31,24,1) (28,25,1)
LINE#299 (32,18,4) (35,17,4)
LINE#300 (1,34,2) (2,33,2)
LINE#301 (18,40,3) (19,45,3)
LINE#302 (10,21,2) (11,20,2)
LINE#303 (7,18,1) (1,16,1)
LINE#304 (9,43,1) (10,42,1)
LINE#305 (6,43,4) (8,43,4)
LINE#306 (10,46,4) (8,48,4)
LINE#307 (15,3,3) (15,6,4)
LINE#308 (1,22,3) (3,24,1)
LINE#309 (13,33,3) (16,36,1)
LINE#310 (13,48,4) (12,46,3)
LINE#311 (6,49,1) (8,48,1)
LINE#312 (46,39,2) (43,39,1)
LINE#313 (0,27,1) (2,29,1)
LINE#314 (4,19,4) (6,18,4)
LINE#315 (14,9,3) (14,18,1)
LINE#316 (26,40,3) (25,40,2)
LINE#317 (21,5,1) (20,4,2)
LINE#318 (44,19,4) (43,16,4)
LINE#319 (12,9,1) (11,12,1)
LINE#320 (40,42,2) (39,40,2)
LINE#321 (30,42,1) (31,44,3)
LINE#322 (14,7,3) (11,5,2)
LINE#323 (31,34,4) (27,34,3)
LINE#324 (48,41,2) (49,39,2)
LINE#325 (37,9,1) (37,7,1)
LINE#326 (31,16,3) (31,14,4)
LINE#327 (23,36,2) (19,39,1)
LINE#328 (48,17,1) (48,22,1)
LINE#329 (33,40,3) (33,38,3)
LINE#330 (42,46,1) (43,47,1)
LINE#331 (26,0,4) (27,2,3)
LINE#332 (39,5,2) (39,1,4)
LINE#333 (7,42,2) (7,41,3)
LINE#334 (7,43,1) (8,44,2)
LINE#335 (1,47,3) (1,48,1)
LINE#336 (48,34,4) (47,34,2)
LINE#337 (34,14,2) (35,11,1)
LINE#338 (46,38,4) (46,36,4)
LINE#339 (18,18,1) (16,18,1)
LINE#340 (31,41,3) (30,43,2)
LINE#341 (12,42,1) (13,39,1)
LINE#342 (5,25,3) (8,24,2)
LINE#343 (4,31,1) (7,31,1)
LINE#344 (13,36,2) (14,35,2)
LINE#345 (39,28,3) (41,29,3)
LINE#346 (25,22,2) (28,22,2)
LINE#347 (48,49,3) (47,39,3)
LINE#348 (23,25,2) (25,28,2)
LINE#349 (24,1,4) (25,3,4)
LINE#350 (21,9,1) (17,14,3)
LINE#351 (8,1,1) (13,3,3)
LINE#352 (46,14,2) (42,14,2)
LINE#353 (31,40,3) (29,40,3)
LINE#354 (2,39,1) (4,33,1)
LINE#355 (38,46,1) (43,45,1)
LINE#356 (19,35,2) (16,34,4)
LINE#357 (2,19,4) (4,18,4)
LINE#358 (3,39,1) (4,38,1)
LINE#359 (27,20,1) (26,16,2)
LINE#360 (35,37,4) (37,37,3)
LINE#361 (34,35,2) (34,34,1)
LINE#362 (11,32,3) (13,32,3)
LINE#363 (10,35,4) (10,32,3)
LINE#364 (47,16,3) (48,20,2)
LINE#365 (38,36,2) (41,35,2)
LINE#366 (35,30,2) (35,32,2)
LINE#367 (19,34,4) (19,30,3)
LINE#368 (23,18,4) (22,20,3)
LINE#369 (37,33,4) (35,31,3)
LINE#370 (22,2,1) (18,1,1)
LINE#371 (36,5,2) (36,4,1)
LINE#372 (1,39,4) (3,42,1)
LINE#373 (31,49,2) (29,48,2)
LINE#374 (34,12,2) (36,15,2)
LINE#375 (39,11,2) (47,8,1)
LINE#376 (3,20,1) (1,21,1)
LINE#377 (15,0,2) (16,0,3)
LINE#378 (29,5,3) (32,8,1)
LINE#379 (5,24,1) (5,26,1)
LINE#380 (16,16,4) (15,18,4)
LINE#381 (28,44,2) (28,42,2)
LINE#382 (4,0,4) (4,2,4)
LINE#383 (33,9,3) (30,9,3)
LINE#384 (39,26,3) (41,23,4)
LINE#385 (28,17,3) (28,19,3)
LINE#386 (21,17,3) (19,17,3)
LINE#387 (42,43,3) (42,40,3)
LINE#388 (15,25,3) (14,26,3)
LINE#389 (11,1,1) (12,2,3)
LINE#390 (49,48,1) (45,47,1)
LINE#391 (41,1,3) (41,3,3)
LINE#392 (14,39,2) (16,39,2)
LINE#393 (14,28,3) (17,29,3)
LINE#394 (49,47,1) (46,47,1)
LINE#395 (32,4,3) (33,3,3)
LINE#396 (2,27,4) (6,25,4)
LINE#397 (49,20,4) (48,17,3)
LINE#398 (30,24,2) (31,23,1)
LINE#399 (45,35,1) (45,34,2)
LINE#400 (45,41,4) (44,42,4)
LINE#401 (34,25,2) (35,25,1)
LINE#402 (3,17,2) (1,19,2)
LINE#403 (16,5,1) (17,5,2)
LINE#404 (48,23,4) (47,22,3)
LINE#405 (47,3,1) (46,2,1)
LINE#406 (45,1,4) (47,1,4)
LINE#407 (48,15,2) (47,13,1)
LINE#408 (38,29,2) (39,29,2)
LINE#409 (10,14,2) (10,16,2)
LINE#410 (33,14,1) (31,17,3)
LINE#411 (6,13,3) (6,15,3)
LINE#412 (40,45,3) (38,41,3)
LINE#413 (37,40,4) (38,39,3)
LINE#414 (4,35,1) (5,36,1)
LINE#415 (20,38,4) (17,36,4)
LINE#416 (27,5,1) (26,7,1)
LINE#417 (41,7,3) (44,7,3)
LINE#418 (8,17,4) (10,17,3)
LINE#419 (33,23,3) (37,24,4)
LINE#420 (49,49,1) (48,49,2)
LINE#421 (6,28,4) (6,33,1)
LINE#422 (22,28,1) (23,28,2)
LINE#423 (38,31,4) (38,29,4)
LINE#424 (15,40,4) (15,41,3)
LINE#425 (28,31,3) (29,30,3)
LINE#426 (20,27,3) (18,28,1)
LINE#427 (40,4,3) (38,2,2)
LINE#428 (16,44,3) (16,43,4)
LINE#429 (2,14,3) (4,14,3)
LINE#430 (47,38,1) (48,40,1)
LINE#431 (43,18,3) (45,19,3)
LINE#432 (42,47,2) (39,43,2)
LINE#433 (10,22,4) (11,21,4)
LINE#434 (28,27,3) (38,27,3)
LINE#435 (4,48,1) (3,46,2)
LINE#436 (47,33,4) (46,34,4)
LINE#437 (27,4,2) (25,7,4)
LINE#438 (9,35,4) (9,39,4)
LINE#439 (2,26,4) (4,24,3)
LINE#440 (40,44,3) (42,45,3)
LINE#441 (34,36,4) (30,35,2)
LINE#442 (23,31,2) (21,30,2)
LINE#443 (13,24,3) (16,24,3)
LINE#444 (47,23,1) (47,27,2)
LINE#445 (30,39,2) (32,39,2)
LINE#446 (35,37,2) (34,36,3)
LINE#447 (15,7,1) (16,8,1)
LINE#448 (41,40,1) (40,41,1)
LINE#449 (3,36,1) (2,38,1)
LINE#450 (1,27,4) (1,31,4)
LINE#451 (24,47,4) (23,48,4)
LINE#452 (0,27,3) (0,26,2)
LINE#453 (48,14,4) (48,12,4)
LINE#454 (39,47,3) (41,46,2)
LINE#455 (14,24,4) (14,22,3)
LINE#456 (27,24,2) (29,24,2)
LINE#457 (35,4,4) (34,3,4)
LINE#458 (49,24,1) (49,27,2)
LINE#459 (18,5,4) (19,3,4)
LINE#460 (29,3,1) (29,5,1)
LINE#461 (21,43,4) (20,44,3)
LINE#462 (2,27,2) (3,28,2)
LINE#463 (12,39,2) (12,41,3)
LINE#464 (43,28,2) (43,26,2)
LINE#465 (34,46,1) (31,46,1)
LINE#466 (23,40,2) (22,41,2)
LINE#467 (33,48,2) (30,48,2)
LINE#468 (22,34,1) (20,34,1)
LINE#469 (21,20,2) (20,21,2)
LINE#470 (46,4,1) (48,2,1)
LINE#471 (9,3,1) (10,4,1)
LINE#472 (44,36,4) (41,35,4)
LINE#473 (24,24,4) (22,27,4)
LINE#474 (17,32,2) (16,31,1)
LINE#475 (33,44,2) (33,46,2)
LINE#476 (24,34,3) (24,32,2)
LINE#477 (25,43,4) (24,41,4)
LINE#478 (23,19,3) (23,17,3)
LINE#479 (12,25,1) (14,25,3)
LINE#480 (19,19,3) (20,20,3)
LINE#481 (15,44,3) (17,46,4)
LINE#482 (23,22,1) (22,23,1)
LINE#483 (43,33,4) (39,37,4)
LINE#484 (10,43,3) (10,44,4)
LINE#485 (2,1,1) (5,0,1)
LINE#486 (3,37,2) (2,34,2)
LINE#487 (16,22,3) (16,23,2)
LINE#488 (44,25,3) (46,26,3)
LINE#489 (31,34,3) (29,32,4)
LINE#490 (15,42,1) (14,41,1)
LINE#491 (43,20,2) (43,22,2)
LINE#492 (35,41,1) (37,40,1)
LINE#493 (22,18,2) (21,19,2)
LINE#494 (26,19,2) (24,19,2)
LINE#495 (45,10,1) (44,7,1)
LINE#496 (6,18,2) (3,17,3)
LINE#497 (22,35,3) (27,37,2)
LINE#498 (40,5,2) (42,5,2)
LINE#499 (38,34,2) (36,34,2)
LINE#500 (13,44,1) (13,44,3)
LINE#501 (41,12,4) (46,11,4)
LINE#502 (26,6,1) (27,4,1)
LINE#503 (45,18,1) (43,19,2)
LINE#504 (2,25,2) (3,26,2)
LINE#505 (11,3,2) (9,3,3)
LINE#506 (18,37,4) (20,40,4)
LINE#507 (34,38,2) (34,36,1)
LINE#508 (45,6,4) (45,8,4)
LINE#509 (11,22,1) (11,22,3)
LINE#510 (29,20,2) (29,21,2)
LINE#511 (16,17,3) (17,19,2)
LINE#512 (40,37,3) (41,36,4)
LINE#513 (42,10,2) (45,10,2)
LINE#514 (41,32,3) (40,33,4)
LINE#515 (10,19,4) (11,18,4)
LINE#516 (4,45,3) (2,45,3)
LINE#517 (18,21,3) (15,21,4)
LINE#518 (6,46,3) (4,44,4)
LINE#519 (4,36,4) (4,38,3)
LINE#520 (48,13,1) (48,11,1)
LINE#521 (3,48,4) (3,47,2)
LINE#522 (3,19,4) (2,20,3)
LINE#523 (34,32,1) (33,30,2)
LINE#524 (25,27,4) (26,25,4)
LINE#525 (1,25,3) (1,26,4)
LINE#526 (9,7,2) (10,7,1)
LINE#527 (2,6,4) (1,7,4)
LINE#528 (16,46,4) (17,44,1)
LINE#529 (16,37,3) (14,37,3)
LINE#530 (42,49,2) (42,48,3)
LINE#531 (4,15,2) (2,15,2)
LINE#532 (21,23,4) (22,23,3)
LINE#533 (24,5,3) (22,5,3)
LINE#534 (28,4,3) (29,4,4)
LINE#535 (6,29,4) (6,27,4)
LINE#536 (3,40,1) (1,42,2)
LINE#537 (48,42,3) (47,41,3)
LINE#538 (6,28,2) (7,30,2)
LINE#539 (34,40,3) (35,39,3)
LINE#540 (1,17,1) (1,18,2)
LINE#541 (19,46,1) (17,46,1)
LINE#542 (31,20,2) (29,19,2)
LINE#543 (5,11,3) (3,11,3)
LINE#544 (1,37,2) (1,35,2)
LINE#545 (39,6,2) (40,7,2)
LINE#546 (15,5,2) (14,4,2)
LINE#547 (2,5,4) (1,4,4)
LINE#548 (32,42,2) (33,41,2)
LINE#549 (27,21,2) (27,24,3)
LINE#550 (21,41,1) (21,39,1)
LINE#551 (38,27,2) (40,25,1)
LINE#552 (28,31,2) (29,30,1)
LINE#553 (23,6,4) (21,6,4)
LINE#554 (19,26,3) (19,28,3)
LINE#555 (20,41,1) (19,43,1)
LINE#556 (10,38,2) (9,39,2)
LINE#557 (30,12,4) (32,13,4)
LINE#558 (37,0,2) (38,1,3)
LINE#559 (37,44,2) (38,44,3)
LINE#560 (35,45,1) (36,46,1)
LINE#561 (43,3,4) (42,1,4)
LINE#562 (46,44,4) (47,43,4)
LINE#563 (3,20,3) (4,22,2)
LINE#564 (7,7,4) (8,6,4)
LINE#565 (19,32,3) (20,32,2)
LINE#566 (6,38,2) (7,38,1)
LINE#567 (15,26,1) (15,29,1)
LINE#568 (0,39,3) (2,40,3)
LINE#569 (4,5,4) (3,4,4)
LINE#570 (44,30,3) (44,29,3)
LINE#571 (15,28,2) (15,27,4)
LINE#572 (33,40,4) (34,40,4)
LINE#573 (46,31,1) (46,29,1)
LINE#574 (1,32,2) (2,31,2)
LINE#575 (10,0,3) (13,0,2)
LINE#576 (15,32,2) (14,31,2)
LINE#577 (40,43,4) (38,43,4)
LINE#578 (40,10,1) (39,11,1)
LINE#579 (23,1,2) (24,2,3)
LINE#580 (43,32,3) (44,31,3)
LINE#581 (33,17,4) (33,15,3)
LINE#582 (17,33,4) (17,30,4)
LINE#583 (19,13,4) (22,13,4)
LINE#584 (43,43,2) (42,41,3)
LINE#585 (2,27,1) (1,27,1)
LINE#586 (2,5,1) (2,7,1)
LINE#587 (19,4,1) (20,3,1)
LINE#588 (39,7,4) (38,7,4)
LINE#589 (41,12,2) (43,12,2)
LINE#590 (17,39,4) (18,38,4)
LINE#591 (7,0,1) (5,2,1)
LINE#592 (42,43,4) (41,43,4)
LINE#593 (47,43,1) (47,46,1)
LINE#594 (10,31,1) (11,30,1)
LINE#595 (47,4,4) (48,5,4)
LINE#596 (45,5,2) (44,6,2)
LINE#597 (35,30,1) (38,29,1)
LINE#598 (31,29,4) (32,27,4)
LINE#599 (37,46,4) (40,47,4)
LINE#600 (4,17,2) (3,18,2)
LINE#601 (2,35,4) (0,35,4)
LINE#602 (30,2,4) (31,1,4)
LINE#603 (27,47,2) (28,48,4)
LINE#604 (49,9,1) (49,10,2)
LINE#605 (2,34,4) (1,33,4)
LINE#606 (9,9,1) (9,10,3)
LINE#607 (5,14,4) (6,13,4)
LINE#608 (36,49,3) (36,48,4)
LINE#609 (42,17,1) (41,16,1)
LINE#610 (19,9,4) (20,8,4)
LINE#611 (45,43,2) (45,42,1)
LINE#612 (30,2,3) (29,1,3)
LINE#613 (4,28,1) (6,29,1)
LINE#614 (19,37,2) (19,39,3)
LINE#615 (19,49,2) (20,48,2)
LINE#616 (47,14,2) (45,15,2)
LINE#617 (48,14,3) (48,13,4)
LINE#618 (39,19,1) (39,18,1)
LINE#619 (42,26,4) (43,25,4)
LINE#620 (30,1,1) (30,3,1)
LINE#621 (30,6,3) (29,4,3)
LINE#622 (33,42,1) (34,44,1)
LINE#623 (28,42,4) (28,40,4)
LINE#624 (13,11,2) (13,14,2)
LINE#625 (26,18,4) (25,18,4)
LINE#626 (14,10,2) (12,10,2)
LINE#627 (23,38,4) (22,37,4)
LINE#628 (43,36,4) (44,35,4)
LINE#629 (43,49,3) (42,49,3)
LINE#630 (3,15,1) (2,14,1)
LINE#631 (35,42,1) (35,44,3)
LINE#632 (45,3,4) (46,4,4)
LINE#633 (12,23,2) (13,23,3)
LINE#634 (0,29,1) (0,33,1)
LINE#635 (48,33,4) (49,34,4)
LINE#636 (6,38,4) (5,37,4)
LINE#637 (37,10,1) (37,12,1)
LINE#638 (8,32,4) (9,31,4)
LINE#639 (24,13,4) (23,12,3)
LINE#640 (23,10,1) (25,10,1)
LINE#641 (26,40,2) (25,42,2)
LINE#642 (11,38,4) (11,37,4)
LINE#643 (7,8,4) (6,8,3)
LINE#644 (49,40,2) (49,41,2)
LINE#645 (36,41,2) (37,43,2)
LINE#646 (3,32,2) (4,32,2)
LINE#647 (39,14,2) (39,13,2)
LINE#648 (15,4,4) (15,3,4)
LINE#649 (27,15,4) (29,15,4)
LINE#650 (34,33,3) (36,33,3)
LINE#651 (28,36,1) (29,36,1)
LINE#652 (46,41,2) (46,40,2)
LINE#653 (25,5,2) (23,4,3)
LINE#654 (20,23,3) (19,25,3)
LINE#655 (29,7,4) (28,8,4)
LINE#656 (40,45,1) (38,45,1)
LINE#657 (31,6,1) (31,5,1)
LINE#658 (37,27,4) (35,27,4)
LINE#659 (5,41,1) (8,41,1)
LINE#660 (15,2,1) (16,2,2)
LINE#661 (5,34,3) (4,34,3)
LINE#662 (32,47,3) (32,46,4)
LINE#663 (9,46,1) (10,46,1)
LINE#664 (18,26,4) (18,24,4)
LINE#665 (42,9,3) (41,8,3)
LINE#666 (11,31,1) (12,31,1)
LINE#667 (32,20,4) (30,20,4)
LINE#668 (30,15,1) (30,14,1)
LINE#669 (20,12,4) (20,11,4)
LINE#670 (24,17,1) (23,17,1)
LINE#671 (23,15,4) (22,15,4)
LINE#672 (1,34,3) (0,34,3)
LINE#673 (16,12,1) (16,10,1)
LINE#674 (34,28,1) (33,28,1)
LINE#675 (49,43,1) (49,45,1)
LINE#676 (44,47,3) (45,48,3)
LINE#677 (11,35,2) (9,35,2)
LINE#678 (3,36,3) (1,36,3)
LINE#679 (12,28,3) (12,29,3)
LINE#680 (20,47,3) (21,47,3)
LINE#681 (14,27,1) (13,27,1)
LINE#682 (32,4,2) (32,3,3)
LINE#683 (20,41,2) (20,42,2)
LINE#684 (15,37,3) (16,38,3)
LINE#685 (41,18,3) (42,19,3)
LINE#686 (10,22,2) (8,20,2)
LINE#687 (47,21,4) (49,23,4)
LINE#688 (17,44,4) (18,44,4)
LINE#689 (49,10,4) (46,10,4)
LINE#690 (7,46,3) (7,47,3)
LINE#691 (37,29,3) (36,29,3)
LINE#692 (45,24,1) (45,25,1)
LINE#693 (28,44,4) (27,44,4)
LINE#694 (36,24,3) (36,22,3)
LINE#695 (26,23,1) (27,23,1)
LINE#696 (44,4,3) (44,3,4)
LINE#697 (10,29,4) (11,29,4)
LINE#698 (20,16,4) (21,18,4)
LINE#699 (31,35,2) (31,36,2)
LINE#700 (28,12,1) (27,11,1)
LINE#701 (1,2,4) (0,2,4)
LINE#702 (48,40,4) (48,39,4)
LINE#703 (8,37,3) (9,37,3)
LINE#704 (49,15,1) (48,15,1)
LINE#705 (32,30,3) (31,30,3)
LINE#706 (23,33,4) (22,33,4)
LINE#707 (23,23,2) (23,24,2)
LINE#708 (35,5,4) (35,6,4)
LINE#709 (42,30,4) (41,30,4)
LINE#710 (46,23,2) (46,24,2)
LINE#711 (43,1,3) (44,1,3)
LINE#712 (13,9,3) (13,10,3)
LINE#713 (28,13,2) (27,13,2)
LINE#714 (20,34,3) (18,34,3)
LINE#715 (11,29,2) (10,29,2)
LINE#716 (9,19,3) (9,19,4)
LINE#717 (40,9,2) (39,9,2)
LINE#718 (38,16,1) (39,16,2)
LINE#719 (28,22,4) (28,21,4)
LINE#720 (6,19,1) (6,20,1)
LINE#721 (39,25,4) (40,25,4)
LINE#722 (47,5,2) (46,5,2)
LINE#723 (32,23,4) (33,23,4)
LINE#724 (41,42,3) (42,42,3)
LINE#725 (6,3,3) (6,2,3)
LINE#726 (31,27,1) (30,27,1)
LINE#727 (8,15,2) (9,15,2)
LINE#728 (10,24,3) (10,24,2)
LINE#729 (31,24,3) (31,24,2)
LINE#730 (48,10,3) (48,11,3)
LINE#731 (34,43,4) (33,44,4)
LINE#732 (38,4,3) (38,5,3)
LINE#733 (44,22,1) (44,21,1)
LINE#734 (45,18,4) (45,17,4)
LINE#735 (34,16,2) (33,16,2)
LINE#736 (13,33,1) (12,33,1)
LINE#737 (18,49,2) (17,49,2)
LINE#738 (47,16,4) (48,16,4)
LINE#739 (33,1,3) (34,1,3)
LINE#740 (18,46,2) (19,46,2)
LINE#741 (20,23,1) (20,22,1)
LINE#742 (25,33,1) (26,33,1)
LINE#743 (46,16,1) (45,16,1)
LINE#744 (33,45,2) (34,45,2)
LINE#745 (17,3,3) (18,3,3)
LINE#746 (4,30,2) (3,30,2)
LINE#747 (45,47,4) (47,47,4)
LINE#748 (6,31,3) (6,31,4)
LINE#749 (21,42,1) (21,43,1)
LINE#750 (31,3,4) (31,4,4)
LINE#751 (29,14,3) (30,14,3)
LINE#752 (18,13,2) (18,13,1)
LINE#753 (38,25,2) (37,25,2)
LINE#754 (12,36,3) (12,37,3)
LINE#755 (11,41,4) (11,42,4)
LINE#756 (18,31,4) (18,32,4)
LINE#757 (42,47,1) (41,47,1)
LINE#758 (37,14,1) (38,14,1)
LINE#759 (30,23,3) (30,23,4)
LINE#760 (23,3,2) (22,3,2)
LINE#761 (27,28,2) (27,29,2)
LINE#762 (8,22,1) (7,22,1)
LINE#763 (31,15,4) (31,16,4)
LINE#764 (34,3,2) (34,4,2)
LINE#765 (1,16,4) (1,17,4)
LINE#766 (27,40,2) (27,39,2)
LINE#767 (34,8,1) (34,9,1)
LINE#768 (15,15,1) (15,16,1)
LINE#769 (21,2,4) (21,3,4)
LINE#770 (27,31,3) (27,33,3)
LINE#771 (23,44,2) (23,43,2)
LINE#772 (1,23,2) (2,23,2)
LINE#773 (42,11,3) (43,11,3)
LINE#774 (1,11,4) (1,10,4)
LINE#775 (18,13,4) (17,13,4)
LINE#776 (16,13,3) (16,13,2)
LINE#777 (25,21,3) (24,21,3)
LINE#778 (10,27,1) (9,27,1)
LINE#779 (43,36,2) (43,35,2)
LINE#780 (33,22,3) (33,21,3)
LINE#781 (28,18,4) (28,17,4)
LINE#782 (49,0,4) (49,0,3)
LINE#783 (47,18,1) (47,17,1)
LINE#784 (24,9,3) (25,9,3)
LINE#785 (39,28,1) (39,27,1)
LINE#786 (10,40,1) (11,40,1)
LINE#787 (1,46,4) (1,47,4)
LINE#788 (29,26,2) (30,26,2)
LINE#789 (13,6,3) (13,5,3)
LINE#790 (7,43,4) (7,44,4)
LINE#791 (10,13,4) (10,14,4)
LINE#792 (33,4,1) (33,5,1)
LINE#793 (29,2,1) (29,1,1)
LINE#794 (8,4,2) (8,4,1)
LINE#795 (38,10,3) (38,10,4)
LINE#796 (16,48,4) (17,48,4)
LINE#797 (0,41,3) (0,41,4)
LINE#798 (32,5,3) (32,6,3)
LINE#799 (40,39,1) (40,40,1)
LINE#800 (18,2,2) (19,2,2)
LINE#801 (48,4,3) (49,4,3)
LINE#802 (26,24,2) (25,24,2)
LINE#803 (42,5,4) (42,6,4)
LINE#804 (9,5,3) (8,5,3)
LINE#805 (22,46,3) (22,46,4)
LINE#806 (35,34,4) (34,34,4)
LINE#807 (22,43,3) (22,43,4)
LINE#808 (13,7,4) (13,8,4)
LINE#809 (45,41,3) (45,42,3)
LINE#810 (35,2,3) (35,3,3)
LINE#811 (48,44,2) (48,43,2)
LINE#812 (31,35,4) (31,36,4)
LINE#813 (48,38,1) (48,39,1)
LINE#814 (15,38,1) (16,38,1)
LINE#815 (0,25,1) (0,24,1)
LINE#816 (1,5,4) (1,6,4)
LINE#817 (7,11,3) (7,12,3)
LINE#818 (30,31,2) (30,32,2)
LINE#819 (41,0,3) (40,0,3)
LINE#820 (26,13,1) (25,13,1)
LINE#821 (39,47,2) (39,48,2)
LINE#822 (42,28,2) (42,28,1)
LINE#823 (25,16,1) (25,15,1)
LINE#824 (40,39,4) (41,39,4)
LINE#825 (9,1,4) (9,2,4)
