SIZE 20X35X8
LINE_NUM 23
LINE#1 (19,16,1) (4,21,8)
LINE#2 (19,17,2) (4,20,8)
LINE#3 (14,6,1) (4,19,6)
LINE#4 (19,34,3) (5,19,7)
LINE#5 (9,5,2) (5,20,6)
LINE#6 (14,20,4) (4,26,6)
LINE#7 (0,16,4) (14,19,5)
LINE#8 (15,19,4) (10,34,6)
LINE#9 (15,20,3) (9,34,8)
LINE#10 (15,21,4) (14,27,7)
LINE#11 (6,9,1) (8,15,8)
LINE#12 (8,16,3) (16,32,7)
LINE#13 (11,15,2) (4,4,6)
LINE#14 (15,4,4) (11,16,5)
LINE#15 (6,25,4) (4,30,6)
LINE#16 (11,13,4) (6,26,6)
LINE#17 (9,25,1) (13,25,8)
LINE#18 (13,9,2) (10,25,7)
LINE#19 (13,8,2) (13,24,8)
LINE#20 (5,6,4) (10,5,6)
LINE#21 (6,8,4) (9,12,6)
LINE#22 (15,30,4) (3,32,5)
LINE#23 (0,17,4) (0,34,6)
