SIZE 36X24X1
LINE_NUM 96
LINE#1 (0,3,1) (2,3,1)
LINE#2 (3,2,1) (5,2,1)
LINE#3 (1,1,1) (4,4,1)
LINE#4 (0,5,1) (4,1,1)
LINE#5 (6,3,1) (8,5,1)
LINE#6 (6,5,1) (7,1,1)
LINE#7 (8,1,1) (10,1,1)
LINE#8 (8,2,1) (10,4,1)
LINE#9 (0,9,1) (2,9,1)
LINE#10 (3,8,1) (5,8,1)
LINE#11 (1,7,1) (4,10,1)
LINE#12 (0,11,1) (4,7,1)
LINE#13 (6,8,1) (8,6,1)
LINE#14 (6,6,1) (7,10,1)
LINE#15 (8,10,1) (10,10,1)
LINE#16 (8,9,1) (10,7,1)
LINE#17 (12,3,1) (14,3,1)
LINE#18 (15,2,1) (17,2,1)
LINE#19 (13,1,1) (16,4,1)
LINE#20 (12,5,1) (16,1,1)
LINE#21 (18,3,1) (20,5,1)
LINE#22 (18,5,1) (19,1,1)
LINE#23 (20,1,1) (22,1,1)
LINE#24 (20,2,1) (22,4,1)
LINE#25 (12,9,1) (14,9,1)
LINE#26 (15,8,1) (17,8,1)
LINE#27 (13,7,1) (16,10,1)
LINE#28 (12,11,1) (16,7,1)
LINE#29 (18,8,1) (20,6,1)
LINE#30 (18,6,1) (19,10,1)
LINE#31 (20,10,1) (22,10,1)
LINE#32 (20,9,1) (22,7,1)
LINE#33 (24,3,1) (26,3,1)
LINE#34 (27,2,1) (29,2,1)
LINE#35 (25,1,1) (28,4,1)
LINE#36 (24,5,1) (28,1,1)
LINE#37 (30,3,1) (32,5,1)
LINE#38 (30,5,1) (31,1,1)
LINE#39 (32,1,1) (34,1,1)
LINE#40 (32,2,1) (34,4,1)
LINE#41 (24,9,1) (26,9,1)
LINE#42 (27,8,1) (29,8,1)
LINE#43 (25,7,1) (28,10,1)
LINE#44 (24,11,1) (28,7,1)
LINE#45 (30,8,1) (32,6,1)
LINE#46 (30,6,1) (31,10,1)
LINE#47 (32,10,1) (34,10,1)
LINE#48 (32,9,1) (34,7,1)
LINE#49 (0,15,1) (2,15,1)
LINE#50 (3,14,1) (5,14,1)
LINE#51 (1,13,1) (4,16,1)
LINE#52 (0,17,1) (4,13,1)
LINE#53 (6,15,1) (8,17,1)
LINE#54 (6,17,1) (7,13,1)
LINE#55 (8,13,1) (10,13,1)
LINE#56 (8,14,1) (10,16,1)
LINE#57 (0,21,1) (2,21,1)
LINE#58 (3,20,1) (5,20,1)
LINE#59 (1,19,1) (4,22,1)
LINE#60 (0,23,1) (4,19,1)
LINE#61 (6,20,1) (8,18,1)
LINE#62 (6,18,1) (7,22,1)
LINE#63 (8,22,1) (10,22,1)
LINE#64 (8,21,1) (10,19,1)
LINE#65 (12,15,1) (14,15,1)
LINE#66 (15,14,1) (17,14,1)
LINE#67 (13,13,1) (16,16,1)
LINE#68 (12,17,1) (16,13,1)
LINE#69 (18,15,1) (20,17,1)
LINE#70 (18,17,1) (19,13,1)
LINE#71 (20,13,1) (22,13,1)
LINE#72 (20,14,1) (22,16,1)
LINE#73 (12,21,1) (14,21,1)
LINE#74 (15,20,1) (17,20,1)
LINE#75 (13,19,1) (16,22,1)
LINE#76 (12,23,1) (16,19,1)
LINE#77 (18,20,1) (20,18,1)
LINE#78 (18,18,1) (19,22,1)
LINE#79 (20,22,1) (22,22,1)
LINE#80 (20,21,1) (22,19,1)
LINE#81 (24,15,1) (26,15,1)
LINE#82 (27,14,1) (29,14,1)
LINE#83 (25,13,1) (28,16,1)
LINE#84 (24,17,1) (28,13,1)
LINE#85 (30,15,1) (32,17,1)
LINE#86 (30,17,1) (31,13,1)
LINE#87 (32,13,1) (34,13,1)
LINE#88 (32,14,1) (34,16,1)
LINE#89 (24,21,1) (26,21,1)
LINE#90 (27,20,1) (29,20,1)
LINE#91 (25,19,1) (28,22,1)
LINE#92 (24,23,1) (28,19,1)
LINE#93 (30,20,1) (32,18,1)
LINE#94 (30,18,1) (31,22,1)
LINE#95 (32,22,1) (34,22,1)
LINE#96 (32,21,1) (34,19,1)
