SIZE 30X30X3
LINE_NUM 210
LINE#1 (12,12,1) (11,10,3)
LINE#2 (18,11,3) (11,4,1)
LINE#3 (4,12,1) (1,10,2)
LINE#4 (4,10,2) (18,7,2)
LINE#5 (26,12,3) (28,23,1)
LINE#6 (24,11,1) (28,11,1)
LINE#7 (5,3,3) (13,8,1)
LINE#8 (18,10,3) (14,6,2)
LINE#9 (23,1,3) (15,3,1)
LINE#10 (24,15,3) (26,19,2)
LINE#11 (22,24,2) (29,25,1)
LINE#12 (3,23,2) (1,21,1)
LINE#13 (29,11,2) (29,19,2)
LINE#14 (18,1,3) (17,0,2)
LINE#15 (11,28,1) (15,16,2)
LINE#16 (16,29,2) (11,29,3)
LINE#17 (20,26,2) (12,29,1)
LINE#18 (17,1,3) (17,3,3)
LINE#19 (17,14,1) (20,23,3)
LINE#20 (21,5,1) (21,3,1)
LINE#21 (10,14,3) (9,15,2)
LINE#22 (7,16,1) (4,5,1)
LINE#23 (22,21,1) (28,27,1)
LINE#24 (12,5,3) (11,4,2)
LINE#25 (4,20,3) (8,24,3)
LINE#26 (7,18,2) (4,27,1)
LINE#27 (12,21,3) (11,25,2)
LINE#28 (2,23,2) (1,27,3)
LINE#29 (5,2,2) (9,7,1)
LINE#30 (13,14,1) (9,14,2)
LINE#31 (3,17,2) (4,22,2)
LINE#32 (23,12,3) (19,13,1)
LINE#33 (20,26,1) (19,24,1)
LINE#34 (3,2,1) (16,2,2)
LINE#35 (16,11,1) (18,1,1)
LINE#36 (12,24,1) (10,26,3)
LINE#37 (22,29,1) (16,17,1)
LINE#38 (13,19,2) (20,27,1)
LINE#39 (17,10,1) (14,9,1)
LINE#40 (6,7,2) (3,3,2)
LINE#41 (5,13,2) (3,13,1)
LINE#42 (1,9,1) (0,16,1)
LINE#43 (14,24,3) (15,23,1)
LINE#44 (17,27,1) (13,24,1)
LINE#45 (14,16,1) (11,18,2)
LINE#46 (12,13,2) (13,11,2)
LINE#47 (25,10,3) (16,10,2)
LINE#48 (25,21,2) (28,22,2)
LINE#49 (3,21,3) (6,27,3)
LINE#50 (23,5,2) (28,0,3)
LINE#51 (15,1,3) (10,1,3)
LINE#52 (19,18,1) (20,18,2)
LINE#53 (22,26,2) (22,24,1)
LINE#54 (23,13,2) (20,15,2)
LINE#55 (1,17,2) (3,20,1)
LINE#56 (27,0,3) (18,3,3)
LINE#57 (21,3,2) (28,2,2)
LINE#58 (18,6,2) (15,7,3)
LINE#59 (28,13,3) (29,18,2)
LINE#60 (3,18,2) (2,17,2)
LINE#61 (9,3,1) (9,2,2)
LINE#62 (26,29,2) (28,19,3)
LINE#63 (26,10,1) (23,12,1)
LINE#64 (15,28,3) (20,24,3)
LINE#65 (16,7,1) (15,6,1)
LINE#66 (1,24,1) (3,23,1)
LINE#67 (2,16,1) (3,14,1)
LINE#68 (25,6,2) (23,5,1)
LINE#69 (6,24,3) (7,25,3)
LINE#70 (9,2,1) (10,1,1)
LINE#71 (11,28,2) (1,29,1)
LINE#72 (29,7,2) (28,1,1)
LINE#73 (1,9,2) (2,10,3)
LINE#74 (29,23,3) (29,26,3)
LINE#75 (10,16,3) (9,15,3)
LINE#76 (19,12,3) (20,14,2)
LINE#77 (18,7,1) (18,5,1)
LINE#78 (12,16,2) (11,14,3)
LINE#79 (25,4,1) (24,5,1)
LINE#80 (17,14,2) (17,11,3)
LINE#81 (18,28,3) (12,29,3)
LINE#82 (2,0,1) (0,3,2)
LINE#83 (7,5,2) (8,7,2)
LINE#84 (13,21,3) (12,17,3)
LINE#85 (20,7,1) (20,3,1)
LINE#86 (0,1,2) (1,0,2)
LINE#87 (13,12,3) (15,12,3)
LINE#88 (8,19,1) (7,18,1)
LINE#89 (9,27,2) (10,28,1)
LINE#90 (24,10,2) (25,7,1)
LINE#91 (27,26,1) (21,28,2)
LINE#92 (17,5,3) (16,3,3)
LINE#93 (26,9,3) (28,9,3)
LINE#94 (25,3,3) (21,1,1)
LINE#95 (0,18,1) (1,20,1)
LINE#96 (23,28,2) (22,26,1)
LINE#97 (3,1,3) (6,1,1)
LINE#98 (26,17,2) (25,20,2)
LINE#99 (11,12,1) (15,14,2)
LINE#100 (7,12,1) (8,11,1)
LINE#101 (6,24,1) (9,22,1)
LINE#102 (6,6,1) (4,10,1)
LINE#103 (27,28,2) (28,27,2)
LINE#104 (6,7,3) (4,7,3)
LINE#105 (5,14,2) (6,16,1)
LINE#106 (8,0,3) (6,0,3)
LINE#107 (10,6,1) (7,4,2)
LINE#108 (20,13,3) (21,14,3)
LINE#109 (8,27,3) (10,27,3)
LINE#110 (12,6,1) (11,5,1)
LINE#111 (27,15,1) (28,14,1)
LINE#112 (26,8,1) (22,8,1)
LINE#113 (1,16,3) (1,18,3)
LINE#114 (3,13,3) (2,10,2)
LINE#115 (7,15,2) (9,13,1)
LINE#116 (21,20,2) (23,21,2)
LINE#117 (16,27,2) (17,24,3)
LINE#118 (23,24,3) (22,20,3)
LINE#119 (4,23,3) (3,24,1)
LINE#120 (8,18,2) (9,19,3)
LINE#121 (16,24,3) (15,24,1)
LINE#122 (25,12,3) (27,10,1)
LINE#123 (19,12,1) (17,11,1)
LINE#124 (20,3,3) (23,3,3)
LINE#125 (24,16,3) (25,13,2)
LINE#126 (5,4,1) (6,5,1)
LINE#127 (14,4,3) (14,2,2)
LINE#128 (16,18,3) (17,14,3)
LINE#129 (13,18,2) (13,19,1)
LINE#130 (28,11,3) (26,11,2)
LINE#131 (25,16,3) (25,14,2)
LINE#132 (16,19,3) (15,20,3)
LINE#133 (16,6,1) (18,8,1)
LINE#134 (21,2,2) (22,1,3)
LINE#135 (28,6,2) (23,2,1)
LINE#136 (26,22,3) (24,22,3)
LINE#137 (8,5,1) (12,4,1)
LINE#138 (9,23,3) (9,25,2)
LINE#139 (23,7,3) (24,5,3)
LINE#140 (26,25,2) (25,23,2)
LINE#141 (20,23,1) (22,21,2)
LINE#142 (5,21,1) (5,19,1)
LINE#143 (7,17,3) (7,15,3)
LINE#144 (19,20,1) (18,18,1)
LINE#145 (12,26,3) (12,28,3)
LINE#146 (21,16,1) (22,14,1)
LINE#147 (7,27,1) (4,26,1)
LINE#148 (6,15,1) (5,14,1)
LINE#149 (24,27,3) (25,26,3)
LINE#150 (2,4,1) (0,6,2)
LINE#151 (2,25,2) (0,25,3)
LINE#152 (17,13,1) (15,13,1)
LINE#153 (19,28,3) (20,27,3)
LINE#154 (3,8,2) (3,5,2)
LINE#155 (18,22,2) (14,23,2)
LINE#156 (8,11,3) (10,12,3)
LINE#157 (24,28,1) (23,27,1)
LINE#158 (25,22,1) (27,23,1)
LINE#159 (11,9,3) (10,7,3)
LINE#160 (4,5,2) (7,5,3)
LINE#161 (2,15,2) (1,14,2)
LINE#162 (28,15,1) (27,15,2)
LINE#163 (29,5,1) (28,4,1)
LINE#164 (22,17,3) (22,15,2)
LINE#165 (12,16,1) (13,17,1)
LINE#166 (1,5,2) (2,2,2)
LINE#167 (23,17,3) (20,17,2)
LINE#168 (18,10,1) (14,9,3)
LINE#169 (27,7,1) (28,8,1)
LINE#170 (5,28,3) (6,26,3)
LINE#171 (24,18,1) (24,16,1)
LINE#172 (28,2,3) (29,3,2)
LINE#173 (4,11,2) (7,12,2)
LINE#174 (6,19,3) (5,16,3)
LINE#175 (2,8,2) (1,10,3)
LINE#176 (17,25,2) (17,27,2)
LINE#177 (11,8,1) (12,9,2)
LINE#178 (7,2,2) (8,1,3)
LINE#179 (21,6,1) (22,6,3)
LINE#180 (29,21,1) (29,23,1)
LINE#181 (21,18,1) (23,18,1)
LINE#182 (26,19,3) (24,19,3)
LINE#183 (29,8,2) (29,10,2)
LINE#184 (8,19,3) (7,19,2)
LINE#185 (0,22,1) (1,23,1)
LINE#186 (13,15,1) (15,15,1)
LINE#187 (7,29,2) (9,28,2)
LINE#188 (1,25,2) (1,27,2)
LINE#189 (27,8,2) (27,9,3)
LINE#190 (9,22,3) (8,23,3)
LINE#191 (13,20,2) (12,22,2)
LINE#192 (4,24,3) (5,24,2)
LINE#193 (26,6,3) (28,6,3)
LINE#194 (14,13,2) (14,12,3)
LINE#195 (18,19,3) (16,20,3)
LINE#196 (3,17,1) (4,18,1)
LINE#197 (17,19,3) (15,20,1)
LINE#198 (13,15,3) (14,16,2)
LINE#199 (12,12,3) (12,13,3)
LINE#200 (26,9,2) (24,9,2)
LINE#201 (12,12,2) (11,13,2)
LINE#202 (27,17,3) (27,17,2)
LINE#203 (14,28,1) (17,28,1)
LINE#204 (20,10,2) (20,9,3)
LINE#205 (13,16,2) (13,15,2)
LINE#206 (5,7,1) (6,8,1)
LINE#207 (1,13,1) (1,12,1)
LINE#208 (14,28,3) (14,29,3)
LINE#209 (11,17,2) (11,16,2)
LINE#210 (8,12,1) (8,13,1)
