SIZE 72X72X5
LINE_NUM 73
LINE#1 (0,0,1) (71,71,5)
LINE#2 (0,1,1) (70,71,5)
LINE#3 (0,2,1) (69,71,5)
LINE#4 (0,3,1) (68,71,5)
LINE#5 (0,4,1) (67,71,5)
LINE#6 (0,5,1) (66,71,5)
LINE#7 (0,6,1) (65,71,5)
LINE#8 (0,7,1) (64,71,5)
LINE#9 (0,8,1) (63,71,5)
LINE#10 (0,9,1) (62,71,5)
LINE#11 (0,10,1) (61,71,5)
LINE#12 (0,11,1) (60,71,5)
LINE#13 (0,12,1) (59,71,5)
LINE#14 (0,13,1) (58,71,5)
LINE#15 (0,14,1) (57,71,5)
LINE#16 (0,15,1) (56,71,5)
LINE#17 (0,16,1) (55,71,5)
LINE#18 (0,17,1) (54,71,5)
LINE#19 (0,18,1) (53,71,5)
LINE#20 (0,19,1) (52,71,5)
LINE#21 (0,20,1) (51,71,5)
LINE#22 (0,21,1) (50,71,5)
LINE#23 (0,22,1) (49,71,5)
LINE#24 (0,23,1) (48,71,5)
LINE#25 (0,24,1) (47,71,5)
LINE#26 (0,25,1) (46,71,5)
LINE#27 (0,26,1) (45,71,5)
LINE#28 (0,27,1) (44,71,5)
LINE#29 (0,28,1) (43,71,5)
LINE#30 (0,29,1) (42,71,5)
LINE#31 (0,30,1) (41,71,5)
LINE#32 (0,31,1) (40,71,5)
LINE#33 (0,32,1) (39,71,5)
LINE#34 (0,33,1) (38,71,5)
LINE#35 (0,34,1) (37,71,5)
LINE#36 (0,35,1) (36,71,5)
LINE#37 (0,37,1) (35,71,5)
LINE#38 (0,38,1) (34,71,5)
LINE#39 (0,39,1) (33,71,5)
LINE#40 (0,40,1) (32,71,5)
LINE#41 (0,41,1) (31,71,5)
LINE#42 (0,42,1) (30,71,5)
LINE#43 (0,43,1) (29,71,5)
LINE#44 (0,44,1) (28,71,5)
LINE#45 (0,45,1) (27,71,5)
LINE#46 (0,46,1) (26,71,5)
LINE#47 (0,47,1) (25,71,5)
LINE#48 (0,48,1) (24,71,5)
LINE#49 (0,49,1) (23,71,5)
LINE#50 (0,50,1) (22,71,5)
LINE#51 (0,51,1) (21,71,5)
LINE#52 (0,52,1) (20,71,5)
LINE#53 (0,53,1) (19,71,5)
LINE#54 (0,54,1) (18,71,5)
LINE#55 (0,55,1) (17,71,5)
LINE#56 (0,56,1) (16,71,5)
LINE#57 (0,57,1) (15,71,5)
LINE#58 (0,58,1) (14,71,5)
LINE#59 (0,59,1) (13,71,5)
LINE#60 (0,60,1) (12,71,5)
LINE#61 (0,61,1) (11,71,5)
LINE#62 (0,62,1) (10,71,5)
LINE#63 (0,63,1) (9,71,5)
LINE#64 (0,64,1) (8,71,5)
LINE#65 (0,65,1) (7,71,5)
LINE#66 (0,66,1) (6,71,5)
LINE#67 (0,67,1) (5,71,5)
LINE#68 (0,68,1) (4,71,5)
LINE#69 (0,69,1) (3,71,5)
LINE#70 (0,70,1) (2,71,5)
LINE#71 (0,71,1) (1,71,5)
LINE#72 (36,0,1) (36,0,4)
LINE#73 (0,36,5) (35,36,5)
