SIZE 40X40X3
LINE_NUM 123
LINE#1 (3,13,3) (29,33,1)
LINE#2 (14,15,1) (27,4,3)
LINE#3 (2,37,3) (37,35,1)
LINE#4 (0,39,3) (35,17,1)
LINE#5 (38,16,1) (15,1,3)
LINE#6 (0,16,1) (21,9,1)
LINE#7 (2,6,1) (38,38,1)
LINE#8 (11,19,1) (18,15,1)
LINE#9 (37,3,1) (39,0,1)
LINE#10 (3,17,1) (37,38,1)
LINE#11 (10,0,1) (39,39,3)
LINE#12 (9,32,1) (39,39,2)
LINE#13 (36,11,1) (8,33,3)
LINE#14 (34,1,1) (0,38,3)
LINE#15 (1,25,1) (4,3,3)
LINE#16 (19,11,1) (24,21,1)
LINE#17 (17,27,1) (19,26,1)
LINE#18 (31,17,1) (32,10,1)
LINE#19 (0,15,1) (6,34,1)
LINE#20 (12,1,1) (16,5,1)
LINE#21 (0,25,3) (25,6,1)
LINE#22 (5,39,3) (33,18,1)
LINE#23 (5,8,3) (30,6,1)
LINE#24 (32,0,3) (26,33,1)
LINE#25 (7,0,2) (34,4,1)
LINE#26 (8,4,1) (9,0,1)
LINE#27 (16,14,1) (30,33,1)
LINE#28 (5,16,1) (22,33,1)
LINE#29 (20,7,1) (24,22,1)
LINE#30 (12,18,1) (28,30,1)
LINE#31 (18,4,1) (0,39,2)
LINE#32 (13,1,1) (33,38,3)
LINE#33 (21,25,1) (30,7,3)
LINE#34 (15,9,1) (5,9,3)
LINE#35 (11,18,1) (38,39,3)
LINE#36 (27,5,1) (37,36,1)
LINE#37 (14,29,1) (27,34,1)
LINE#38 (30,13,1) (38,36,1)
LINE#39 (30,7,1) (36,12,1)
LINE#40 (31,18,1) (37,14,1)
LINE#41 (21,0,2) (25,3,3)
LINE#42 (2,4,2) (5,2,2)
LINE#43 (14,12,3) (38,39,2)
LINE#44 (7,38,3) (39,16,2)
LINE#45 (0,28,2) (36,4,3)
LINE#46 (15,1,2) (36,2,2)
LINE#47 (28,11,2) (21,23,2)
LINE#48 (14,8,2) (9,19,2)
LINE#49 (6,22,2) (5,5,2)
LINE#50 (26,34,2) (37,19,2)
LINE#51 (6,33,2) (28,7,3)
LINE#52 (36,13,2) (12,32,3)
LINE#53 (21,1,2) (34,4,2)
LINE#54 (34,38,2) (19,37,3)
LINE#55 (8,2,2) (16,3,2)
LINE#56 (27,10,2) (19,36,3)
LINE#57 (0,38,2) (9,37,2)
LINE#58 (4,5,2) (7,24,2)
LINE#59 (11,24,2) (25,11,2)
LINE#60 (12,17,2) (17,9,2)
LINE#61 (17,32,2) (36,34,3)
LINE#62 (12,39,2) (14,19,3)
LINE#63 (30,8,2) (37,11,3)
LINE#64 (4,1,3) (3,31,2)
LINE#65 (13,16,3) (33,15,2)
LINE#66 (10,4,2) (17,3,2)
LINE#67 (26,28,2) (31,27,2)
LINE#68 (11,25,2) (24,24,2)
LINE#69 (12,27,2) (30,17,2)
LINE#70 (1,37,2) (10,37,2)
LINE#71 (5,4,2) (6,6,2)
LINE#72 (6,11,3) (26,10,2)
LINE#73 (19,32,2) (34,37,2)
LINE#74 (2,26,2) (7,6,3)
LINE#75 (15,12,3) (31,20,2)
LINE#76 (32,27,2) (36,30,2)
LINE#77 (5,9,2) (5,16,2)
LINE#78 (2,33,2) (7,28,2)
LINE#79 (21,24,2) (29,11,2)
LINE#80 (12,31,2) (19,38,2)
LINE#81 (3,14,3) (5,22,2)
LINE#82 (23,39,3) (34,17,2)
LINE#83 (32,26,3) (35,35,2)
LINE#84 (29,34,3) (36,14,2)
LINE#85 (30,26,2) (31,13,3)
LINE#86 (26,33,2) (36,33,2)
LINE#87 (35,2,2) (39,8,3)
LINE#88 (0,32,3) (1,3,3)
LINE#89 (24,34,3) (33,39,3)
LINE#90 (5,7,3) (10,4,3)
LINE#91 (36,17,3) (36,33,3)
LINE#92 (16,1,3) (33,0,3)
LINE#93 (9,7,3) (7,33,3)
LINE#94 (33,30,3) (36,35,3)
LINE#95 (20,23,3) (23,23,3)
LINE#96 (13,5,3) (24,12,3)
LINE#97 (35,1,3) (39,7,3)
LINE#98 (7,37,3) (11,30,3)
LINE#99 (22,39,3) (29,7,3)
LINE#100 (2,39,3) (4,35,3)
LINE#101 (37,31,3) (32,30,3)
LINE#102 (11,6,3) (24,5,3)
LINE#103 (27,5,3) (32,16,3)
LINE#104 (2,38,3) (6,24,3)
LINE#105 (20,29,3) (18,28,3)
LINE#106 (10,10,3) (10,27,3)
LINE#107 (15,21,3) (26,15,3)
LINE#108 (12,7,3) (20,12,3)
LINE#109 (22,6,3) (22,12,3)
LINE#110 (7,36,3) (11,29,3)
LINE#111 (13,34,3) (18,25,3)
LINE#112 (17,38,3) (19,27,3)
LINE#113 (3,15,3) (3,17,3)
LINE#114 (4,19,3) (4,21,3)
LINE#115 (21,20,3) (24,21,3)
LINE#116 (22,22,3) (27,23,3)
LINE#117 (23,19,3) (24,23,3)
LINE#118 (6,32,3) (7,34,3)
LINE#119 (30,19,3) (31,27,3)
LINE#120 (34,18,3) (35,24,3)
LINE#121 (34,9,3) (37,10,3)
LINE#122 (35,5,3) (36,13,3)
LINE#123 (36,5,3) (36,7,3)
