SIZE 60X60X4
LINE_NUM 999
LINE#1 (36,39,1) (50,4,1)
LINE#2 (41,48,4) (40,40,1)
LINE#3 (24,47,4) (45,58,4)
LINE#4 (13,36,2) (16,53,4)
LINE#5 (35,30,2) (35,11,4)
LINE#6 (59,50,2) (44,48,2)
LINE#7 (29,22,4) (48,11,1)
LINE#8 (3,29,3) (10,37,1)
LINE#9 (10,9,4) (25,4,3)
LINE#10 (19,23,1) (57,58,4)
LINE#11 (36,23,3) (58,0,4)
LINE#12 (11,57,4) (14,34,2)
LINE#13 (36,34,2) (23,36,2)
LINE#14 (7,56,2) (15,59,1)
LINE#15 (41,41,4) (27,49,4)
LINE#16 (30,18,3) (38,9,3)
LINE#17 (4,51,1) (2,40,1)
LINE#18 (46,17,4) (36,20,1)
LINE#19 (24,15,3) (37,11,3)
LINE#20 (21,14,4) (25,5,3)
LINE#21 (53,26,1) (14,37,4)
LINE#22 (57,48,4) (52,49,4)
LINE#23 (33,37,2) (34,34,1)
LINE#24 (25,45,1) (34,41,4)
LINE#25 (40,27,3) (31,24,3)
LINE#26 (23,38,3) (28,56,4)
LINE#27 (59,45,2) (56,40,1)
LINE#28 (46,29,2) (59,1,2)
LINE#29 (14,23,2) (13,23,1)
LINE#30 (18,24,4) (40,14,1)
LINE#31 (48,50,2) (37,39,2)
LINE#32 (0,44,3) (9,57,1)
LINE#33 (27,26,3) (36,23,1)
LINE#34 (32,44,4) (36,44,4)
LINE#35 (47,14,4) (49,10,1)
LINE#36 (47,45,4) (37,38,3)
LINE#37 (45,40,3) (48,39,1)
LINE#38 (15,16,3) (28,8,4)
LINE#39 (4,45,1) (7,39,1)
LINE#40 (2,17,3) (4,35,1)
LINE#41 (34,1,3) (17,8,4)
LINE#42 (23,52,3) (24,52,4)
LINE#43 (12,25,1) (14,23,4)
LINE#44 (50,23,3) (55,58,3)
LINE#45 (3,14,3) (12,44,1)
LINE#46 (30,23,3) (5,59,3)
LINE#47 (22,4,1) (24,4,1)
LINE#48 (48,20,2) (48,27,4)
LINE#49 (42,18,3) (47,0,2)
LINE#50 (40,15,4) (32,13,4)
LINE#51 (41,1,3) (46,0,2)
LINE#52 (8,41,3) (4,22,4)
LINE#53 (46,37,4) (52,36,4)
LINE#54 (56,52,1) (53,37,1)
LINE#55 (27,23,2) (21,17,1)
LINE#56 (14,55,4) (10,52,1)
LINE#57 (52,55,4) (51,58,4)
LINE#58 (32,35,1) (31,31,3)
LINE#59 (36,13,1) (22,12,1)
LINE#60 (29,45,4) (24,50,4)
LINE#61 (2,48,3) (3,35,1)
LINE#62 (11,31,4) (15,33,4)
LINE#63 (8,55,3) (14,54,4)
LINE#64 (8,55,4) (12,57,3)
LINE#65 (44,45,1) (40,32,3)
LINE#66 (22,2,3) (19,1,4)
LINE#67 (13,6,2) (12,3,2)
LINE#68 (10,7,3) (5,5,4)
LINE#69 (36,4,2) (35,4,1)
LINE#70 (39,27,3) (35,21,4)
LINE#71 (1,57,4) (2,56,4)
LINE#72 (53,0,3) (54,1,1)
LINE#73 (17,26,3) (18,35,1)
LINE#74 (18,41,1) (38,40,1)
LINE#75 (8,3,4) (12,0,4)
LINE#76 (12,45,4) (10,53,3)
LINE#77 (45,59,3) (27,50,1)
LINE#78 (12,44,3) (21,52,1)
LINE#79 (6,41,3) (6,41,1)
LINE#80 (52,24,3) (40,3,3)
LINE#81 (27,4,2) (29,8,3)
LINE#82 (28,5,4) (29,4,3)
LINE#83 (8,53,4) (10,55,4)
LINE#84 (56,40,3) (52,44,1)
LINE#85 (35,13,1) (46,12,1)
LINE#86 (18,28,3) (13,25,3)
LINE#87 (56,31,1) (57,32,1)
LINE#88 (23,44,4) (22,45,3)
LINE#89 (32,2,3) (40,1,1)
LINE#90 (53,25,1) (57,28,3)
LINE#91 (59,7,2) (58,19,4)
LINE#92 (43,10,3) (52,21,4)
LINE#93 (57,53,1) (37,58,2)
LINE#94 (19,54,2) (20,54,1)
LINE#95 (28,15,2) (37,8,1)
LINE#96 (51,18,1) (57,19,4)
LINE#97 (47,50,4) (49,53,4)
LINE#98 (49,50,2) (43,29,1)
LINE#99 (6,45,3) (1,34,4)
LINE#100 (4,47,4) (8,41,4)
LINE#101 (7,20,4) (5,22,4)
LINE#102 (28,47,3) (22,54,4)
LINE#103 (9,14,4) (2,8,1)
LINE#104 (59,2,1) (55,24,1)
LINE#105 (5,31,2) (1,34,2)
LINE#106 (40,43,3) (36,50,1)
LINE#107 (48,28,1) (46,25,4)
LINE#108 (20,19,3) (17,12,2)
LINE#109 (47,5,3) (55,14,2)
LINE#110 (55,40,1) (55,36,3)
LINE#111 (33,14,2) (37,12,4)
LINE#112 (31,4,3) (29,4,4)
LINE#113 (2,53,3) (7,58,1)
LINE#114 (58,44,4) (51,45,4)
LINE#115 (39,43,3) (36,39,2)
LINE#116 (28,51,1) (31,57,1)
LINE#117 (21,11,2) (22,13,1)
LINE#118 (3,36,3) (1,40,1)
LINE#119 (49,22,4) (51,22,2)
LINE#120 (36,26,2) (21,20,1)
LINE#121 (0,48,3) (1,39,1)
LINE#122 (16,47,1) (15,35,1)
LINE#123 (59,14,2) (49,4,4)
LINE#124 (45,35,3) (53,34,3)
LINE#125 (25,8,1) (37,10,2)
LINE#126 (18,58,4) (16,59,4)
LINE#127 (8,21,4) (5,21,4)
LINE#128 (47,10,1) (40,12,1)
LINE#129 (53,14,2) (54,20,2)
LINE#130 (22,57,1) (19,54,1)
LINE#131 (34,45,2) (35,49,1)
LINE#132 (17,49,2) (19,43,4)
LINE#133 (49,46,1) (54,45,1)
LINE#134 (6,27,3) (16,34,2)
LINE#135 (59,48,2) (53,45,1)
LINE#136 (34,21,4) (17,21,3)
LINE#137 (3,44,1) (16,39,3)
LINE#138 (15,5,4) (16,6,4)
LINE#139 (48,36,4) (55,31,3)
LINE#140 (6,41,4) (3,44,2)
LINE#141 (15,9,2) (7,2,1)
LINE#142 (52,17,4) (48,11,2)
LINE#143 (43,30,3) (50,28,4)
LINE#144 (9,18,1) (13,23,2)
LINE#145 (16,40,3) (18,42,3)
LINE#146 (29,36,4) (27,35,4)
LINE#147 (53,29,1) (59,41,1)
LINE#148 (12,51,1) (26,41,2)
LINE#149 (12,46,2) (12,42,1)
LINE#150 (23,9,3) (25,13,4)
LINE#151 (47,19,3) (46,28,3)
LINE#152 (46,19,4) (53,17,1)
LINE#153 (55,56,4) (57,52,4)
LINE#154 (36,27,4) (37,33,4)
LINE#155 (35,37,1) (31,32,1)
LINE#156 (15,41,4) (17,42,4)
LINE#157 (32,5,2) (31,2,2)
LINE#158 (30,49,4) (35,51,4)
LINE#159 (28,23,3) (29,22,3)
LINE#160 (13,22,3) (9,27,3)
LINE#161 (22,21,1) (35,25,1)
LINE#162 (34,1,2) (38,0,3)
LINE#163 (42,55,3) (43,56,2)
LINE#164 (22,20,3) (15,37,4)
LINE#165 (56,15,3) (56,16,4)
LINE#166 (30,24,1) (37,33,2)
LINE#167 (12,30,4) (11,28,4)
LINE#168 (12,15,4) (10,8,1)
LINE#169 (10,2,1) (16,1,1)
LINE#170 (9,9,1) (9,12,2)
LINE#171 (56,55,3) (57,54,1)
LINE#172 (19,13,4) (20,13,1)
LINE#173 (42,25,3) (44,25,2)
LINE#174 (23,9,2) (26,7,1)
LINE#175 (14,44,2) (17,48,1)
LINE#176 (46,35,4) (52,34,3)
LINE#177 (6,34,4) (4,33,1)
LINE#178 (54,56,2) (52,52,2)
LINE#179 (24,3,1) (20,11,1)
LINE#180 (59,51,2) (59,55,1)
LINE#181 (34,1,4) (30,1,2)
LINE#182 (11,51,2) (20,55,3)
LINE#183 (39,47,4) (49,52,4)
LINE#184 (35,15,1) (34,16,1)
LINE#185 (27,17,3) (29,14,2)
LINE#186 (46,3,2) (47,1,3)
LINE#187 (7,38,4) (11,34,4)
LINE#188 (45,1,4) (41,2,4)
LINE#189 (40,12,4) (43,10,4)
LINE#190 (41,28,4) (37,32,4)
LINE#191 (41,44,4) (38,44,4)
LINE#192 (38,52,2) (36,51,2)
LINE#193 (25,31,1) (30,30,2)
LINE#194 (50,49,1) (54,49,2)
LINE#195 (42,3,2) (41,2,2)
LINE#196 (29,16,1) (29,19,1)
LINE#197 (19,58,4) (20,55,4)
LINE#198 (47,45,1) (59,28,3)
LINE#199 (49,39,2) (48,43,4)
LINE#200 (44,32,4) (47,35,4)
LINE#201 (48,45,2) (54,44,2)
LINE#202 (24,28,1) (15,26,3)
LINE#203 (34,37,2) (31,36,3)
LINE#204 (20,37,3) (22,34,4)
LINE#205 (47,53,4) (49,53,1)
LINE#206 (46,9,3) (45,8,4)
LINE#207 (8,30,4) (11,31,3)
LINE#208 (41,21,2) (38,31,1)
LINE#209 (32,31,4) (26,27,4)
LINE#210 (57,15,2) (56,16,3)
LINE#211 (3,13,2) (3,4,3)
LINE#212 (18,12,3) (16,18,4)
LINE#213 (3,26,4) (0,18,4)
LINE#214 (59,29,4) (53,31,4)
LINE#215 (31,10,4) (33,11,4)
LINE#216 (4,11,4) (1,7,2)
LINE#217 (0,51,2) (5,42,2)
LINE#218 (44,18,3) (43,13,3)
LINE#219 (1,51,1) (2,53,1)
LINE#220 (1,30,3) (6,28,4)
LINE#221 (23,59,3) (16,52,2)
LINE#222 (45,25,3) (44,27,4)
LINE#223 (26,50,3) (52,40,3)
LINE#224 (48,32,4) (44,36,4)
LINE#225 (10,11,1) (9,10,1)
LINE#226 (44,43,2) (47,44,2)
LINE#227 (25,4,1) (26,2,1)
LINE#228 (34,0,1) (38,2,2)
LINE#229 (42,44,3) (40,44,4)
LINE#230 (39,24,4) (38,27,4)
LINE#231 (57,22,2) (56,24,3)
LINE#232 (29,34,3) (31,34,3)
LINE#233 (24,22,4) (22,20,4)
LINE#234 (50,11,3) (55,8,1)
LINE#235 (33,25,2) (31,24,2)
LINE#236 (23,35,1) (18,26,3)
LINE#237 (41,52,2) (41,58,4)
LINE#238 (34,27,3) (26,25,3)
LINE#239 (3,51,2) (3,53,2)
LINE#240 (53,45,4) (54,44,4)
LINE#241 (52,57,3) (58,54,3)
LINE#242 (5,18,1) (0,27,2)
LINE#243 (40,22,3) (35,16,1)
LINE#244 (47,16,2) (41,18,2)
LINE#245 (22,5,3) (10,2,2)
LINE#246 (6,25,4) (5,24,4)
LINE#247 (52,32,2) (54,32,2)
LINE#248 (35,23,3) (32,26,3)
LINE#249 (5,22,2) (5,21,1)
LINE#250 (27,28,3) (35,29,4)
LINE#251 (17,41,2) (15,36,1)
LINE#252 (56,6,4) (58,5,3)
LINE#253 (10,47,2) (6,46,4)
LINE#254 (22,26,1) (22,24,1)
LINE#255 (21,28,2) (20,29,2)
LINE#256 (41,6,4) (38,6,4)
LINE#257 (50,21,1) (49,20,1)
LINE#258 (55,6,1) (58,5,1)
LINE#259 (24,33,2) (29,30,3)
LINE#260 (20,5,2) (15,0,3)
LINE#261 (58,36,2) (59,31,4)
LINE#262 (8,42,4) (7,46,4)
LINE#263 (46,32,2) (47,33,2)
LINE#264 (8,36,1) (7,35,1)
LINE#265 (42,8,1) (47,8,1)
LINE#266 (32,22,4) (35,19,4)
LINE#267 (13,51,3) (12,52,1)
LINE#268 (25,41,4) (34,38,4)
LINE#269 (26,29,4) (24,26,4)
LINE#270 (27,58,4) (26,52,3)
LINE#271 (4,24,2) (6,22,1)
LINE#272 (8,18,2) (2,10,1)
LINE#273 (37,30,3) (39,27,4)
LINE#274 (18,5,4) (19,4,4)
LINE#275 (4,12,4) (3,14,2)
LINE#276 (13,27,1) (13,25,1)
LINE#277 (17,46,2) (15,50,1)
LINE#278 (33,6,3) (33,8,3)
LINE#279 (24,42,4) (32,47,3)
LINE#280 (50,58,1) (48,58,1)
LINE#281 (32,29,2) (31,26,2)
LINE#282 (48,41,2) (49,44,1)
LINE#283 (10,35,1) (12,37,4)
LINE#284 (42,56,1) (43,59,2)
LINE#285 (19,29,3) (19,31,4)
LINE#286 (52,4,2) (50,5,2)
LINE#287 (37,22,4) (38,26,4)
LINE#288 (42,39,2) (40,41,1)
LINE#289 (36,58,3) (38,53,2)
LINE#290 (19,6,3) (23,6,4)
LINE#291 (54,41,1) (52,41,2)
LINE#292 (33,45,4) (39,53,1)
LINE#293 (27,24,4) (30,24,4)
LINE#294 (57,41,4) (56,51,3)
LINE#295 (49,17,4) (45,18,3)
LINE#296 (22,45,2) (28,43,2)
LINE#297 (20,27,3) (20,28,1)
LINE#298 (13,5,1) (14,6,2)
LINE#299 (10,25,1) (10,23,1)
LINE#300 (18,40,1) (18,43,1)
LINE#301 (53,12,1) (44,16,3)
LINE#302 (28,16,1) (22,16,3)
LINE#303 (54,16,4) (52,15,4)
LINE#304 (29,47,4) (30,46,4)
LINE#305 (58,53,1) (58,51,1)
LINE#306 (54,57,2) (53,58,4)
LINE#307 (55,0,1) (55,0,3)
LINE#308 (8,33,1) (9,32,1)
LINE#309 (43,20,4) (36,21,2)
LINE#310 (58,59,1) (52,58,1)
LINE#311 (8,22,3) (6,22,2)
LINE#312 (47,49,3) (37,52,4)
LINE#313 (37,19,4) (43,22,4)
LINE#314 (12,10,2) (11,11,1)
LINE#315 (32,51,4) (30,55,4)
LINE#316 (2,56,2) (5,59,1)
LINE#317 (7,26,2) (10,29,2)
LINE#318 (29,0,1) (36,8,2)
LINE#319 (8,47,1) (7,41,2)
LINE#320 (21,31,2) (19,31,2)
LINE#321 (56,9,3) (52,8,2)
LINE#322 (4,46,4) (4,44,2)
LINE#323 (30,20,3) (30,17,4)
LINE#324 (26,36,1) (26,31,1)
LINE#325 (17,47,3) (19,46,4)
LINE#326 (19,6,2) (23,3,1)
LINE#327 (16,47,4) (15,48,1)
LINE#328 (16,56,4) (16,58,4)
LINE#329 (46,3,1) (50,3,1)
LINE#330 (8,34,3) (10,33,3)
LINE#331 (52,47,3) (53,45,3)
LINE#332 (16,53,3) (15,49,2)
LINE#333 (33,35,1) (33,33,1)
LINE#334 (21,12,2) (22,12,3)
LINE#335 (56,58,2) (56,57,1)
LINE#336 (28,5,3) (28,7,1)
LINE#337 (1,27,2) (5,25,2)
LINE#338 (35,5,4) (38,0,4)
LINE#339 (5,6,1) (9,7,4)
LINE#340 (44,3,4) (47,3,4)
LINE#341 (55,27,1) (57,20,3)
LINE#342 (17,40,3) (18,45,3)
LINE#343 (12,42,4) (11,43,4)
LINE#344 (5,54,4) (3,55,4)
LINE#345 (19,23,4) (16,20,4)
LINE#346 (56,55,4) (55,54,4)
LINE#347 (38,15,1) (38,20,1)
LINE#348 (22,56,1) (24,58,4)
LINE#349 (57,49,1) (53,36,3)
LINE#350 (19,25,4) (20,24,4)
LINE#351 (15,55,2) (16,58,2)
LINE#352 (43,13,1) (41,17,1)
LINE#353 (57,49,4) (51,52,4)
LINE#354 (27,21,3) (26,18,1)
LINE#355 (56,47,4) (55,41,3)
LINE#356 (3,9,4) (2,11,4)
LINE#357 (2,31,2) (0,19,4)
LINE#358 (25,37,3) (26,38,2)
LINE#359 (44,32,3) (43,28,3)
LINE#360 (37,0,3) (36,1,2)
LINE#361 (43,24,3) (44,23,4)
LINE#362 (0,22,2) (3,26,1)
LINE#363 (43,50,1) (41,48,2)
LINE#364 (31,18,2) (31,21,2)
LINE#365 (48,23,2) (48,27,1)
LINE#366 (33,10,1) (36,9,1)
LINE#367 (15,20,3) (14,19,1)
LINE#368 (36,48,3) (38,45,4)
LINE#369 (33,17,2) (29,17,1)
LINE#370 (24,24,4) (25,22,4)
LINE#371 (39,8,1) (44,2,1)
LINE#372 (13,12,4) (11,12,4)
LINE#373 (44,21,2) (44,18,4)
LINE#374 (5,30,2) (6,28,2)
LINE#375 (29,20,4) (33,19,4)
LINE#376 (32,58,3) (33,57,3)
LINE#377 (39,25,3) (40,25,2)
LINE#378 (21,1,3) (20,0,2)
LINE#379 (28,45,4) (28,47,4)
LINE#380 (10,36,1) (9,37,1)
LINE#381 (2,55,1) (1,58,1)
LINE#382 (24,18,3) (23,17,3)
LINE#383 (57,40,3) (59,47,2)
LINE#384 (26,34,3) (25,33,3)
LINE#385 (6,53,3) (5,52,3)
LINE#386 (33,4,2) (32,7,2)
LINE#387 (51,39,1) (49,37,1)
LINE#388 (54,28,3) (57,25,2)
LINE#389 (24,2,4) (26,2,3)
LINE#390 (10,54,1) (11,53,1)
LINE#391 (23,51,1) (22,52,1)
LINE#392 (14,45,4) (11,42,4)
LINE#393 (0,11,4) (11,21,1)
LINE#394 (10,5,2) (8,9,3)
LINE#395 (14,38,3) (13,36,1)
LINE#396 (7,12,4) (8,12,2)
LINE#397 (47,29,4) (48,32,3)
LINE#398 (27,57,2) (30,55,2)
LINE#399 (5,46,2) (7,45,2)
LINE#400 (27,23,3) (26,23,1)
LINE#401 (23,7,1) (25,5,1)
LINE#402 (49,49,2) (48,46,1)
LINE#403 (42,15,1) (44,10,2)
LINE#404 (33,41,3) (31,38,4)
LINE#405 (34,59,1) (34,57,1)
LINE#406 (4,50,1) (3,48,2)
LINE#407 (24,16,1) (31,14,1)
LINE#408 (51,40,4) (52,42,3)
LINE#409 (15,51,3) (14,50,4)
LINE#410 (19,30,1) (25,27,1)
LINE#411 (41,58,2) (31,58,4)
LINE#412 (13,4,2) (9,4,2)
LINE#413 (17,20,1) (20,22,1)
LINE#414 (17,37,2) (17,40,4)
LINE#415 (24,17,3) (27,19,1)
LINE#416 (26,59,1) (29,56,1)
LINE#417 (9,25,3) (6,25,3)
LINE#418 (11,17,4) (12,18,3)
LINE#419 (23,8,1) (25,6,2)
LINE#420 (58,52,2) (59,53,2)
LINE#421 (2,47,3) (3,46,3)
LINE#422 (56,8,3) (56,6,1)
LINE#423 (36,53,3) (35,55,3)
LINE#424 (31,19,2) (31,18,3)
LINE#425 (28,32,4) (31,31,4)
LINE#426 (39,40,4) (41,44,3)
LINE#427 (56,55,2) (55,50,1)
LINE#428 (44,46,1) (45,44,2)
LINE#429 (15,15,1) (13,17,1)
LINE#430 (16,45,3) (14,43,4)
LINE#431 (57,27,2) (51,28,2)
LINE#432 (54,46,2) (52,46,3)
LINE#433 (39,3,4) (37,3,4)
LINE#434 (39,21,1) (42,22,4)
LINE#435 (54,7,4) (56,9,4)
LINE#436 (42,33,1) (41,35,4)
LINE#437 (4,53,1) (4,57,1)
LINE#438 (24,57,1) (25,59,1)
LINE#439 (3,22,1) (2,19,1)
LINE#440 (17,15,2) (17,19,3)
LINE#441 (42,18,2) (43,17,2)
LINE#442 (51,54,3) (52,53,1)
LINE#443 (41,39,1) (37,37,1)
LINE#444 (27,25,2) (28,29,2)
LINE#445 (30,5,1) (28,6,1)
LINE#446 (52,24,1) (48,25,2)
LINE#447 (45,27,3) (47,26,3)
LINE#448 (7,16,1) (6,17,1)
LINE#449 (51,17,2) (45,19,1)
LINE#450 (11,47,2) (8,46,1)
LINE#451 (8,9,2) (7,8,2)
LINE#452 (32,4,4) (31,5,4)
LINE#453 (55,19,1) (56,18,1)
LINE#454 (30,53,3) (29,48,2)
LINE#455 (40,35,2) (38,35,2)
LINE#456 (28,44,1) (28,42,1)
LINE#457 (50,13,1) (52,9,1)
LINE#458 (2,6,3) (1,8,3)
LINE#459 (0,12,3) (1,15,4)
LINE#460 (5,3,4) (6,1,2)
LINE#461 (41,43,3) (39,43,2)
LINE#462 (57,16,4) (54,13,4)
LINE#463 (25,34,4) (24,36,4)
LINE#464 (57,35,4) (56,33,4)
LINE#465 (21,0,4) (22,2,4)
LINE#466 (13,13,2) (13,9,1)
LINE#467 (4,37,3) (6,31,4)
LINE#468 (38,59,4) (37,58,4)
LINE#469 (13,15,1) (11,13,1)
LINE#470 (26,4,2) (25,3,2)
LINE#471 (41,27,4) (40,24,4)
LINE#472 (6,3,3) (6,6,3)
LINE#473 (55,9,4) (56,11,3)
LINE#474 (22,36,4) (19,39,4)
LINE#475 (17,29,2) (17,27,2)
LINE#476 (50,22,3) (47,23,2)
LINE#477 (6,50,2) (9,47,2)
LINE#478 (24,54,4) (20,48,1)
LINE#479 (2,3,4) (3,0,3)
LINE#480 (57,38,4) (53,39,4)
LINE#481 (3,2,2) (4,1,2)
LINE#482 (26,0,3) (21,0,3)
LINE#483 (21,42,1) (19,42,1)
LINE#484 (11,44,3) (11,43,2)
LINE#485 (50,39,3) (51,40,3)
LINE#486 (17,38,1) (16,37,2)
LINE#487 (51,36,3) (51,35,2)
LINE#488 (34,45,1) (38,46,1)
LINE#489 (56,10,1) (59,13,2)
LINE#490 (15,32,3) (19,34,3)
LINE#491 (23,1,2) (22,0,4)
LINE#492 (33,21,2) (34,18,1)
LINE#493 (1,19,3) (1,21,1)
LINE#494 (15,43,1) (15,41,1)
LINE#495 (23,6,2) (23,5,3)
LINE#496 (16,54,4) (19,55,4)
LINE#497 (13,5,4) (13,7,4)
LINE#498 (52,55,2) (54,54,3)
LINE#499 (35,58,2) (37,57,2)
LINE#500 (30,45,2) (31,42,1)
LINE#501 (41,34,1) (42,35,1)
LINE#502 (35,35,4) (33,34,4)
LINE#503 (44,52,4) (46,54,3)
LINE#504 (23,22,2) (20,18,1)
LINE#505 (33,40,2) (34,41,1)
LINE#506 (32,58,2) (34,58,2)
LINE#507 (28,53,4) (28,51,4)
LINE#508 (26,7,4) (25,11,4)
LINE#509 (48,33,1) (53,32,1)
LINE#510 (8,17,3) (6,17,3)
LINE#511 (48,45,3) (51,42,3)
LINE#512 (1,57,3) (0,56,1)
LINE#513 (53,20,1) (54,19,1)
LINE#514 (24,39,4) (24,41,4)
LINE#515 (46,10,3) (47,11,3)
LINE#516 (10,44,3) (13,48,4)
LINE#517 (55,22,1) (56,21,1)
LINE#518 (20,37,4) (16,37,4)
LINE#519 (54,58,1) (59,59,1)
LINE#520 (37,26,3) (34,27,4)
LINE#521 (28,16,2) (25,15,1)
LINE#522 (9,19,3) (8,19,2)
LINE#523 (9,3,3) (7,2,4)
LINE#524 (28,18,4) (27,21,4)
LINE#525 (30,6,2) (28,3,1)
LINE#526 (20,51,4) (19,53,3)
LINE#527 (59,31,2) (58,29,2)
LINE#528 (48,49,3) (49,59,3)
LINE#529 (27,33,3) (29,31,4)
LINE#530 (4,47,2) (7,47,2)
LINE#531 (43,8,2) (42,7,1)
LINE#532 (16,29,3) (18,29,3)
LINE#533 (35,37,3) (36,39,4)
LINE#534 (51,33,4) (50,33,3)
LINE#535 (46,31,2) (45,28,3)
LINE#536 (13,4,3) (7,5,3)
LINE#537 (46,18,2) (51,16,1)
LINE#538 (0,33,3) (1,32,3)
LINE#539 (10,31,3) (7,32,2)
LINE#540 (58,3,2) (54,5,2)
LINE#541 (5,11,1) (7,13,1)
LINE#542 (6,55,1) (6,53,1)
LINE#543 (4,20,3) (3,28,1)
LINE#544 (20,2,3) (17,2,3)
LINE#545 (26,52,1) (24,52,1)
LINE#546 (13,33,4) (16,29,2)
LINE#547 (12,32,2) (15,32,2)
LINE#548 (20,42,2) (21,43,2)
LINE#549 (33,55,3) (31,55,3)
LINE#550 (50,26,2) (52,24,2)
LINE#551 (42,28,4) (43,29,3)
LINE#552 (57,27,4) (54,26,3)
LINE#553 (57,3,4) (55,4,3)
LINE#554 (33,52,2) (36,54,1)
LINE#555 (21,21,4) (22,25,3)
LINE#556 (25,48,1) (25,51,2)
LINE#557 (31,40,3) (31,43,3)
LINE#558 (41,5,2) (41,3,2)
LINE#559 (55,0,2) (58,1,2)
LINE#560 (29,12,4) (27,11,4)
LINE#561 (33,27,2) (37,31,3)
LINE#562 (46,21,4) (45,22,3)
LINE#563 (59,25,1) (59,24,2)
LINE#564 (34,12,2) (35,16,4)
LINE#565 (10,38,4) (9,34,4)
LINE#566 (38,15,4) (40,16,4)
LINE#567 (48,46,3) (49,48,2)
LINE#568 (18,9,2) (17,10,2)
LINE#569 (50,17,2) (48,19,3)
LINE#570 (21,35,3) (24,32,4)
LINE#571 (19,13,3) (15,17,1)
LINE#572 (57,32,3) (55,32,3)
LINE#573 (6,37,3) (10,37,3)
LINE#574 (20,10,3) (19,9,2)
LINE#575 (49,32,2) (51,30,3)
LINE#576 (13,26,2) (14,25,2)
LINE#577 (40,40,2) (39,39,2)
LINE#578 (52,39,1) (54,42,2)
LINE#579 (47,49,2) (50,48,1)
LINE#580 (44,28,1) (48,29,1)
LINE#581 (55,11,1) (55,9,2)
LINE#582 (41,57,1) (43,59,1)
LINE#583 (55,35,3) (58,37,2)
LINE#584 (40,31,1) (39,30,1)
LINE#585 (36,31,1) (37,23,2)
LINE#586 (49,31,3) (50,29,4)
LINE#587 (33,42,3) (32,43,4)
LINE#588 (43,5,1) (43,7,1)
LINE#589 (57,47,3) (57,41,3)
LINE#590 (28,34,3) (27,33,4)
LINE#591 (18,35,2) (15,33,3)
LINE#592 (15,59,2) (15,58,2)
LINE#593 (31,41,2) (31,39,4)
LINE#594 (32,50,4) (31,50,1)
LINE#595 (26,54,1) (22,54,1)
LINE#596 (29,26,3) (28,25,3)
LINE#597 (41,46,4) (41,47,3)
LINE#598 (40,33,3) (40,35,3)
LINE#599 (7,24,1) (7,22,4)
LINE#600 (32,41,2) (34,39,2)
LINE#601 (34,3,4) (35,4,4)
LINE#602 (25,44,3) (26,46,4)
LINE#603 (29,55,2) (28,53,3)
LINE#604 (13,9,4) (11,10,4)
LINE#605 (36,2,3) (34,2,2)
LINE#606 (19,48,4) (23,48,3)
LINE#607 (23,42,1) (24,40,1)
LINE#608 (29,58,4) (28,55,3)
LINE#609 (28,58,3) (25,59,3)
LINE#610 (36,48,4) (38,50,3)
LINE#611 (1,51,3) (3,53,3)
LINE#612 (24,42,3) (22,44,3)
LINE#613 (19,7,1) (16,8,1)
LINE#614 (17,29,3) (16,30,4)
LINE#615 (55,56,2) (58,56,3)
LINE#616 (21,9,2) (24,9,3)
LINE#617 (39,2,4) (40,2,3)
LINE#618 (39,37,3) (36,37,3)
LINE#619 (59,8,2) (57,9,3)
LINE#620 (43,54,1) (41,54,1)
LINE#621 (27,0,3) (30,0,3)
LINE#622 (13,4,4) (14,1,2)
LINE#623 (31,50,3) (30,52,3)
LINE#624 (49,6,1) (44,12,4)
LINE#625 (0,45,1) (1,46,1)
LINE#626 (11,19,2) (12,15,2)
LINE#627 (35,12,4) (33,13,4)
LINE#628 (34,31,2) (32,31,1)
LINE#629 (1,54,2) (3,55,2)
LINE#630 (11,57,1) (15,57,1)
LINE#631 (38,41,3) (38,40,4)
LINE#632 (56,25,2) (54,25,2)
LINE#633 (18,57,4) (16,57,3)
LINE#634 (47,26,1) (45,26,1)
LINE#635 (55,29,4) (55,26,4)
LINE#636 (20,7,2) (21,7,3)
LINE#637 (48,17,4) (46,17,2)
LINE#638 (16,50,4) (16,52,4)
LINE#639 (13,10,4) (12,13,3)
LINE#640 (30,58,2) (33,59,1)
LINE#641 (48,14,4) (51,12,4)
LINE#642 (25,30,2) (20,32,4)
LINE#643 (46,41,4) (45,40,4)
LINE#644 (42,31,3) (43,32,3)
LINE#645 (28,35,4) (32,35,4)
LINE#646 (12,2,4) (11,4,4)
LINE#647 (49,14,2) (50,11,2)
LINE#648 (49,50,1) (47,49,1)
LINE#649 (24,34,3) (23,32,2)
LINE#650 (42,28,1) (40,26,1)
LINE#651 (39,57,1) (40,58,1)
LINE#652 (6,47,2) (6,49,1)
LINE#653 (58,3,4) (56,4,4)
LINE#654 (41,53,3) (41,55,2)
LINE#655 (55,39,2) (54,37,1)
LINE#656 (50,30,1) (48,31,1)
LINE#657 (33,15,2) (33,17,4)
LINE#658 (10,14,3) (9,14,1)
LINE#659 (5,49,3) (4,50,4)
LINE#660 (56,49,2) (56,46,2)
LINE#661 (52,56,4) (48,56,4)
LINE#662 (12,46,3) (11,45,4)
LINE#663 (36,6,2) (36,7,2)
LINE#664 (13,41,3) (13,42,2)
LINE#665 (42,3,3) (43,3,4)
LINE#666 (0,3,1) (0,6,1)
LINE#667 (54,42,4) (52,42,4)
LINE#668 (10,34,2) (9,33,1)
LINE#669 (11,5,1) (9,6,1)
LINE#670 (15,3,1) (13,4,1)
LINE#671 (53,29,2) (52,30,2)
LINE#672 (17,4,2) (18,3,2)
LINE#673 (48,7,4) (51,7,4)
LINE#674 (16,22,4) (16,25,4)
LINE#675 (16,31,1) (14,31,1)
LINE#676 (40,5,3) (38,5,1)
LINE#677 (24,37,2) (20,35,1)
LINE#678 (8,49,1) (14,48,1)
LINE#679 (1,44,4) (1,42,4)
LINE#680 (42,47,1) (40,50,1)
LINE#681 (53,48,1) (53,51,1)
LINE#682 (37,7,3) (37,6,3)
LINE#683 (13,49,1) (14,50,1)
LINE#684 (6,35,2) (9,30,1)
LINE#685 (1,25,1) (3,24,1)
LINE#686 (31,3,4) (31,1,4)
LINE#687 (6,35,3) (9,35,3)
LINE#688 (18,39,2) (19,40,2)
LINE#689 (16,26,3) (16,25,2)
LINE#690 (36,32,1) (40,34,1)
LINE#691 (20,17,3) (19,17,3)
LINE#692 (51,39,3) (51,37,3)
LINE#693 (4,7,3) (5,10,1)
LINE#694 (30,33,2) (29,32,2)
LINE#695 (26,0,1) (28,1,3)
LINE#696 (0,10,1) (0,8,1)
LINE#697 (43,58,4) (41,57,4)
LINE#698 (8,51,1) (8,54,1)
LINE#699 (34,58,4) (32,58,4)
LINE#700 (37,59,1) (35,58,1)
LINE#701 (35,46,4) (37,46,4)
LINE#702 (3,12,2) (0,11,1)
LINE#703 (11,34,2) (13,34,1)
LINE#704 (22,8,4) (22,6,4)
LINE#705 (9,55,3) (8,58,4)
LINE#706 (3,18,3) (1,16,3)
LINE#707 (59,6,2) (59,2,3)
LINE#708 (20,22,3) (19,21,3)
LINE#709 (19,11,2) (14,14,1)
LINE#710 (16,17,4) (15,15,3)
LINE#711 (2,52,4) (1,54,4)
LINE#712 (6,24,1) (6,23,2)
LINE#713 (41,37,4) (40,38,3)
LINE#714 (4,37,1) (1,35,1)
LINE#715 (56,45,4) (58,45,4)
LINE#716 (42,26,3) (42,27,1)
LINE#717 (23,56,2) (20,57,2)
LINE#718 (11,8,2) (11,7,3)
LINE#719 (54,52,4) (53,53,4)
LINE#720 (23,10,1) (18,4,2)
LINE#721 (17,36,1) (19,38,1)
LINE#722 (51,24,4) (56,23,4)
LINE#723 (45,7,2) (46,6,2)
LINE#724 (15,4,2) (15,5,3)
LINE#725 (9,20,1) (8,20,1)
LINE#726 (0,1,3) (0,5,4)
LINE#727 (6,15,4) (9,15,4)
LINE#728 (4,58,4) (3,59,4)
LINE#729 (55,31,4) (56,31,3)
LINE#730 (51,26,4) (52,26,3)
LINE#731 (30,41,2) (31,41,3)
LINE#732 (26,45,3) (25,45,3)
LINE#733 (47,56,2) (45,55,1)
LINE#734 (20,28,3) (19,29,4)
LINE#735 (31,43,1) (32,44,1)
LINE#736 (46,42,2) (47,41,2)
LINE#737 (43,43,2) (42,43,2)
LINE#738 (59,7,3) (58,6,3)
LINE#739 (32,28,3) (32,27,1)
LINE#740 (43,42,3) (44,43,3)
LINE#741 (33,51,2) (32,49,2)
LINE#742 (29,46,2) (32,45,3)
LINE#743 (23,40,3) (21,38,3)
LINE#744 (57,23,1) (56,24,1)
LINE#745 (36,14,2) (37,13,3)
LINE#746 (12,35,2) (11,33,1)
LINE#747 (18,58,1) (17,57,1)
LINE#748 (6,45,2) (6,46,1)
LINE#749 (57,43,1) (58,47,1)
LINE#750 (49,9,4) (45,9,4)
LINE#751 (14,47,4) (11,47,4)
LINE#752 (1,22,2) (2,23,2)
LINE#753 (55,36,4) (56,38,4)
LINE#754 (41,5,4) (44,3,1)
LINE#755 (2,15,2) (0,14,2)
LINE#756 (49,12,3) (49,10,3)
LINE#757 (23,32,4) (21,32,4)
LINE#758 (30,18,4) (31,19,3)
LINE#759 (40,44,1) (39,49,2)
LINE#760 (1,27,4) (1,25,4)
LINE#761 (48,47,4) (47,46,4)
LINE#762 (47,7,4) (47,4,3)
LINE#763 (15,46,1) (16,46,2)
LINE#764 (15,9,3) (14,10,4)
LINE#765 (35,22,4) (37,20,4)
LINE#766 (1,42,1) (1,44,1)
LINE#767 (40,16,2) (42,14,2)
LINE#768 (4,13,1) (3,15,2)
LINE#769 (57,4,4) (57,5,3)
LINE#770 (37,55,2) (36,55,2)
LINE#771 (0,49,3) (2,49,4)
LINE#772 (10,50,2) (10,51,1)
LINE#773 (11,16,3) (10,18,3)
LINE#774 (21,46,1) (22,47,1)
LINE#775 (59,16,2) (58,15,2)
LINE#776 (12,9,3) (11,8,3)
LINE#777 (2,16,1) (1,17,1)
LINE#778 (0,23,2) (0,26,2)
LINE#779 (28,45,1) (25,46,1)
LINE#780 (53,4,4) (51,3,4)
LINE#781 (30,17,1) (29,19,2)
LINE#782 (35,43,3) (35,41,3)
LINE#783 (17,4,1) (17,2,1)
LINE#784 (10,1,1) (12,1,1)
LINE#785 (44,51,1) (45,52,2)
LINE#786 (54,59,3) (58,59,3)
LINE#787 (50,32,4) (49,32,4)
LINE#788 (26,16,4) (27,20,2)
LINE#789 (25,9,1) (24,10,1)
LINE#790 (49,42,1) (50,41,2)
LINE#791 (54,21,4) (54,22,3)
LINE#792 (33,30,3) (35,32,4)
LINE#793 (44,1,3) (45,1,3)
LINE#794 (24,54,3) (23,54,2)
LINE#795 (45,23,1) (44,24,1)
LINE#796 (7,51,1) (5,51,1)
LINE#797 (44,47,3) (43,48,3)
LINE#798 (53,10,3) (50,8,3)
LINE#799 (1,30,4) (0,29,4)
LINE#800 (14,57,3) (14,56,4)
LINE#801 (24,18,4) (24,21,3)
LINE#802 (23,58,2) (21,58,3)
LINE#803 (9,11,3) (9,10,4)
LINE#804 (35,49,2) (33,49,2)
LINE#805 (18,52,2) (18,51,2)
LINE#806 (7,37,4) (3,37,2)
LINE#807 (27,57,1) (26,56,1)
LINE#808 (16,36,3) (18,36,3)
LINE#809 (41,10,3) (39,11,1)
LINE#810 (38,17,3) (38,19,2)
LINE#811 (3,31,2) (0,30,1)
LINE#812 (2,40,2) (1,39,3)
LINE#813 (10,59,1) (11,58,1)
LINE#814 (2,1,1) (2,3,1)
LINE#815 (35,6,1) (34,8,2)
LINE#816 (26,58,2) (28,57,2)
LINE#817 (4,30,1) (2,30,1)
LINE#818 (34,49,4) (34,48,3)
LINE#819 (52,56,2) (55,55,1)
LINE#820 (57,48,2) (58,49,2)
LINE#821 (21,26,1) (20,27,2)
LINE#822 (38,0,1) (37,0,2)
LINE#823 (58,11,3) (58,11,2)
LINE#824 (32,25,1) (30,25,1)
LINE#825 (57,7,1) (57,5,1)
LINE#826 (53,49,2) (53,50,3)
LINE#827 (10,16,3) (10,17,4)
LINE#828 (26,44,4) (24,44,4)
LINE#829 (10,58,1) (9,59,1)
LINE#830 (21,45,2) (22,44,1)
LINE#831 (22,28,4) (23,29,4)
LINE#832 (25,44,1) (24,44,1)
LINE#833 (48,56,2) (49,57,2)
LINE#834 (25,20,4) (25,20,2)
LINE#835 (3,21,3) (2,20,2)
LINE#836 (24,24,2) (22,25,1)
LINE#837 (3,39,3) (3,42,2)
LINE#838 (27,1,2) (28,0,2)
LINE#839 (9,27,1) (8,26,2)
LINE#840 (37,49,1) (37,50,1)
LINE#841 (43,20,1) (42,23,1)
LINE#842 (1,32,1) (0,33,1)
LINE#843 (24,47,2) (25,48,2)
LINE#844 (16,46,4) (15,45,4)
LINE#845 (54,49,4) (52,48,4)
LINE#846 (7,54,2) (7,56,3)
LINE#847 (13,26,4) (11,26,4)
LINE#848 (37,34,3) (38,34,3)
LINE#849 (13,37,4) (12,39,4)
LINE#850 (5,42,3) (5,43,4)
LINE#851 (20,15,2) (18,15,2)
LINE#852 (51,2,2) (50,2,3)
LINE#853 (19,7,2) (18,6,2)
LINE#854 (46,31,3) (47,33,4)
LINE#855 (28,14,4) (31,12,3)
LINE#856 (49,14,4) (48,15,4)
LINE#857 (23,27,2) (24,25,2)
LINE#858 (6,52,3) (7,53,3)
LINE#859 (44,16,1) (42,16,1)
LINE#860 (5,37,3) (5,35,3)
LINE#861 (1,27,1) (0,29,1)
LINE#862 (27,17,4) (27,19,3)
LINE#863 (42,33,2) (43,33,1)
LINE#864 (43,36,2) (41,36,2)
LINE#865 (43,37,1) (43,38,1)
LINE#866 (10,50,4) (10,51,4)
LINE#867 (59,9,2) (58,9,3)
LINE#868 (7,17,1) (9,19,2)
LINE#869 (39,17,3) (39,18,3)
LINE#870 (42,8,3) (40,8,3)
LINE#871 (55,58,2) (55,57,2)
LINE#872 (18,16,1) (17,17,1)
LINE#873 (45,52,4) (46,53,4)
LINE#874 (31,33,1) (31,35,1)
LINE#875 (11,3,4) (11,2,4)
LINE#876 (43,57,3) (42,57,3)
LINE#877 (33,14,1) (34,15,1)
LINE#878 (52,59,1) (53,59,2)
LINE#879 (46,43,3) (48,42,4)
LINE#880 (42,50,4) (44,49,4)
LINE#881 (46,39,1) (46,36,2)
LINE#882 (26,26,2) (25,28,1)
LINE#883 (45,47,3) (45,46,4)
LINE#884 (51,38,1) (51,37,1)
LINE#885 (18,11,4) (17,11,4)
LINE#886 (8,13,4) (8,13,3)
LINE#887 (14,57,4) (14,58,3)
LINE#888 (20,16,3) (19,11,4)
LINE#889 (27,23,4) (26,24,4)
LINE#890 (41,20,2) (41,20,3)
LINE#891 (47,40,4) (47,41,4)
LINE#892 (17,55,3) (15,55,3)
LINE#893 (43,4,3) (43,2,2)
LINE#894 (56,15,2) (57,14,2)
LINE#895 (51,43,2) (50,42,2)
LINE#896 (13,39,2) (14,38,2)
LINE#897 (22,46,3) (21,47,4)
LINE#898 (35,47,1) (34,47,2)
LINE#899 (28,42,3) (27,43,3)
LINE#900 (32,4,1) (31,5,1)
LINE#901 (36,24,4) (38,25,4)
LINE#902 (2,7,1) (4,6,1)
LINE#903 (26,31,4) (26,30,4)
LINE#904 (16,49,3) (18,51,4)
LINE#905 (3,5,4) (3,6,4)
LINE#906 (33,30,1) (33,31,1)
LINE#907 (12,7,4) (13,6,4)
LINE#908 (14,9,3) (12,8,2)
LINE#909 (2,2,2) (3,1,2)
LINE#910 (19,58,1) (22,58,1)
LINE#911 (37,58,1) (36,58,2)
LINE#912 (10,46,1) (12,45,1)
LINE#913 (8,48,1) (11,49,1)
LINE#914 (14,13,3) (15,12,4)
LINE#915 (10,40,1) (9,39,1)
LINE#916 (41,53,4) (42,55,4)
LINE#917 (42,30,2) (42,28,2)
LINE#918 (45,41,4) (45,42,4)
LINE#919 (44,53,3) (44,52,3)
LINE#920 (34,10,4) (35,9,4)
LINE#921 (0,44,2) (0,42,2)
LINE#922 (18,46,1) (18,48,1)
LINE#923 (58,1,4) (59,0,4)
LINE#924 (45,20,1) (46,19,1)
LINE#925 (50,22,2) (48,22,2)
LINE#926 (19,57,4) (20,59,4)
LINE#927 (34,2,4) (33,1,4)
LINE#928 (15,14,1) (17,14,1)
LINE#929 (22,14,2) (23,14,2)
LINE#930 (45,12,4) (49,12,4)
LINE#931 (0,53,3) (2,53,4)
LINE#932 (17,43,2) (15,43,2)
LINE#933 (21,10,4) (21,8,4)
LINE#934 (33,56,4) (31,56,4)
LINE#935 (57,39,1) (57,35,1)
LINE#936 (41,41,3) (42,40,4)
LINE#937 (4,56,4) (4,57,4)
LINE#938 (47,53,1) (44,53,1)
LINE#939 (15,22,1) (15,21,1)
LINE#940 (4,2,3) (4,3,4)
LINE#941 (22,57,4) (22,56,4)
LINE#942 (22,33,1) (22,32,1)
LINE#943 (48,26,4) (49,25,3)
LINE#944 (16,33,4) (17,33,4)
LINE#945 (35,44,1) (34,44,1)
LINE#946 (9,44,4) (9,42,4)
LINE#947 (29,15,3) (28,15,3)
LINE#948 (52,20,2) (51,21,1)
LINE#949 (31,8,2) (29,8,2)
LINE#950 (1,18,2) (2,18,2)
LINE#951 (22,22,2) (22,20,2)
LINE#952 (30,12,1) (30,14,1)
LINE#953 (59,6,3) (59,4,3)
LINE#954 (15,12,2) (15,13,2)
LINE#955 (4,31,1) (3,31,1)
LINE#956 (13,39,3) (15,39,4)
LINE#957 (21,52,3) (21,53,3)
LINE#958 (58,38,4) (58,39,4)
LINE#959 (35,10,1) (34,10,1)
LINE#960 (47,15,2) (47,13,2)
LINE#961 (37,8,4) (37,9,4)
LINE#962 (46,37,1) (47,35,1)
LINE#963 (16,55,2) (16,54,1)
LINE#964 (13,21,3) (13,21,4)
LINE#965 (25,8,2) (26,9,2)
LINE#966 (7,3,1) (7,5,1)
LINE#967 (26,55,4) (27,56,4)
LINE#968 (35,39,1) (35,38,1)
LINE#969 (12,55,2) (11,54,2)
LINE#970 (39,46,3) (39,45,3)
LINE#971 (36,44,1) (38,44,2)
LINE#972 (51,14,2) (50,14,2)
LINE#973 (39,21,3) (40,22,2)
LINE#974 (18,13,3) (18,12,2)
LINE#975 (24,14,4) (24,13,4)
LINE#976 (38,28,2) (37,29,3)
LINE#977 (12,44,2) (13,44,2)
LINE#978 (55,45,4) (54,45,4)
LINE#979 (1,11,2) (1,10,2)
LINE#980 (23,38,4) (26,38,4)
LINE#981 (10,14,2) (9,15,2)
LINE#982 (26,4,3) (27,4,3)
LINE#983 (28,40,3) (28,39,4)
LINE#984 (33,46,4) (33,47,4)
LINE#985 (50,36,2) (51,36,2)
LINE#986 (51,13,1) (51,12,1)
LINE#987 (27,48,4) (26,48,4)
LINE#988 (0,49,1) (0,46,1)
LINE#989 (12,20,3) (10,20,3)
LINE#990 (7,52,2) (8,52,2)
LINE#991 (41,7,4) (42,7,4)
LINE#992 (5,11,4) (6,10,4)
LINE#993 (49,0,3) (51,0,4)
LINE#994 (34,22,2) (33,22,2)
LINE#995 (19,10,3) (19,10,2)
LINE#996 (46,8,1) (44,8,1)
LINE#997 (18,48,4) (16,48,4)
LINE#998 (13,15,4) (13,17,4)
LINE#999 (13,30,3) (13,29,3)
