SIZE 40X40X4
LINE_NUM 212
LINE#1 (0,0,1) (39,39,4)
LINE#2 (39,0,1) (0,39,4)
LINE#3 (0,39,1) (39,0,4)
LINE#4 (39,39,1) (0,0,4)
LINE#5 (38,0,1) (0,38,4)
LINE#6 (37,0,1) (0,37,4)
LINE#7 (36,0,1) (0,36,4)
LINE#8 (35,0,1) (0,35,4)
LINE#9 (34,0,1) (0,34,4)
LINE#10 (33,0,1) (0,33,4)
LINE#11 (32,0,1) (0,32,4)
LINE#12 (31,0,1) (0,31,4)
LINE#13 (30,0,1) (0,30,4)
LINE#14 (29,0,1) (0,29,4)
LINE#15 (28,0,1) (0,28,4)
LINE#16 (27,0,1) (0,27,4)
LINE#17 (26,0,1) (0,26,4)
LINE#18 (25,0,1) (0,25,4)
LINE#19 (24,1,1) (0,24,4)
LINE#20 (23,1,1) (0,23,4)
LINE#21 (22,1,1) (0,22,4)
LINE#22 (21,1,1) (0,21,4)
LINE#23 (20,1,1) (0,20,4)
LINE#24 (6,1,1) (19,1,1)
LINE#25 (39,38,1) (1,0,4)
LINE#26 (39,37,1) (2,0,4)
LINE#27 (39,36,1) (3,0,4)
LINE#28 (39,35,1) (4,1,4)
LINE#29 (39,34,1) (5,1,4)
LINE#30 (39,33,1) (6,1,4)
LINE#31 (39,32,1) (7,1,4)
LINE#32 (39,31,1) (8,1,4)
LINE#33 (39,30,1) (9,1,4)
LINE#34 (39,29,1) (10,1,4)
LINE#35 (39,28,1) (11,1,4)
LINE#36 (39,27,1) (12,1,4)
LINE#37 (39,26,1) (13,1,4)
LINE#38 (39,25,1) (14,1,4)
LINE#39 (39,24,1) (15,1,4)
LINE#40 (39,23,1) (16,1,4)
LINE#41 (39,22,1) (17,1,4)
LINE#42 (1,21,1) (19,39,1)
LINE#43 (2,22,1) (18,38,1)
LINE#44 (3,23,1) (17,37,1)
LINE#45 (4,24,1) (16,36,1)
LINE#46 (5,25,1) (15,35,1)
LINE#47 (6,26,1) (14,34,1)
LINE#48 (7,27,1) (13,33,1)
LINE#49 (8,28,1) (12,32,1)
LINE#50 (9,29,1) (9,31,1)
LINE#51 (37,22,1) (21,38,1)
LINE#52 (36,23,1) (22,37,1)
LINE#53 (35,24,1) (23,36,1)
LINE#54 (34,25,1) (24,35,1)
LINE#55 (33,26,1) (25,34,1)
LINE#56 (32,27,1) (26,33,1)
LINE#57 (31,28,1) (27,32,1)
LINE#58 (28,29,1) (30,29,1)
LINE#59 (10,30,1) (11,31,1)
LINE#60 (29,30,1) (28,31,1)
LINE#61 (18,1,4) (22,1,4)
LINE#62 (2,20,4) (20,38,4)
LINE#63 (3,21,4) (19,37,4)
LINE#64 (4,22,4) (18,36,4)
LINE#65 (5,23,4) (17,35,4)
LINE#66 (6,24,4) (16,34,4)
LINE#67 (7,25,4) (15,33,4)
LINE#68 (8,26,4) (14,32,4)
LINE#69 (9,27,4) (13,31,4)
LINE#70 (10,28,4) (12,28,4)
LINE#71 (11,29,4) (12,30,4)
LINE#72 (38,23,4) (22,39,4)
LINE#73 (37,24,4) (23,38,4)
LINE#74 (36,25,4) (24,37,4)
LINE#75 (35,26,4) (25,36,4)
LINE#76 (34,27,4) (26,35,4)
LINE#77 (33,28,4) (27,34,4)
LINE#78 (32,29,4) (28,33,4)
LINE#79 (31,30,4) (31,32,4)
LINE#80 (30,31,4) (29,32,4)
LINE#81 (0,20,2) (19,39,2)
LINE#82 (1,21,2) (18,38,2)
LINE#83 (2,22,2) (17,37,2)
LINE#84 (3,23,2) (16,36,2)
LINE#85 (4,24,2) (15,35,2)
LINE#86 (5,25,2) (14,34,2)
LINE#87 (6,26,2) (13,33,2)
LINE#88 (7,27,2) (12,32,2)
LINE#89 (8,28,2) (11,31,2)
LINE#90 (9,29,2) (10,30,2)
LINE#91 (39,22,2) (22,39,2)
LINE#92 (38,23,2) (23,38,2)
LINE#93 (37,24,2) (24,37,2)
LINE#94 (36,25,2) (25,36,2)
LINE#95 (35,26,2) (26,35,2)
LINE#96 (34,27,2) (27,34,2)
LINE#97 (33,28,2) (28,33,2)
LINE#98 (32,29,2) (29,32,2)
LINE#99 (31,30,2) (30,31,2)
LINE#100 (0,0,2) (20,28,3)
LINE#101 (1,0,2) (20,27,3)
LINE#102 (2,0,2) (20,26,3)
LINE#103 (3,0,2) (20,25,3)
LINE#104 (4,1,2) (20,24,3)
LINE#105 (5,0,2) (20,23,3)
LINE#106 (6,0,2) (20,22,3)
LINE#107 (7,0,2) (20,21,3)
LINE#108 (8,0,2) (20,20,3)
LINE#109 (9,0,2) (20,19,3)
LINE#110 (10,0,2) (20,18,3)
LINE#111 (39,0,2) (11,29,3)
LINE#112 (38,0,2) (21,28,3)
LINE#113 (37,0,2) (21,27,3)
LINE#114 (36,0,2) (21,26,3)
LINE#115 (35,0,2) (21,25,3)
LINE#116 (34,0,2) (21,24,3)
LINE#117 (33,0,2) (21,23,3)
LINE#118 (32,0,2) (21,22,3)
LINE#119 (31,0,2) (21,21,3)
LINE#120 (30,0,2) (21,20,3)
LINE#121 (0,19,2) (21,2,3)
LINE#122 (1,19,2) (20,3,3)
LINE#123 (2,20,2) (20,4,3)
LINE#124 (3,21,2) (20,5,3)
LINE#125 (4,22,2) (20,6,3)
LINE#126 (5,23,2) (20,7,3)
LINE#127 (6,24,2) (20,8,3)
LINE#128 (7,25,2) (20,9,3)
LINE#129 (8,26,2) (20,10,3)
LINE#130 (9,27,2) (20,11,3)
LINE#131 (21,0,2) (23,0,2)
LINE#132 (25,0,2) (29,0,2)
LINE#133 (31,28,2) (21,11,3)
LINE#134 (32,27,2) (21,10,3)
LINE#135 (33,26,2) (21,9,3)
LINE#136 (34,25,2) (21,8,3)
LINE#137 (35,24,2) (21,7,3)
LINE#138 (36,23,2) (21,6,3)
LINE#139 (37,22,2) (21,5,3)
LINE#140 (38,21,2) (21,4,3)
LINE#141 (39,21,2) (21,3,3)
LINE#142 (20,19,2) (20,38,2)
LINE#143 (19,20,2) (19,37,2)
LINE#144 (18,21,2) (18,36,2)
LINE#145 (17,22,2) (17,35,2)
LINE#146 (16,23,2) (16,34,2)
LINE#147 (15,24,2) (15,33,2)
LINE#148 (14,25,2) (14,32,2)
LINE#149 (13,26,2) (13,31,2)
LINE#150 (12,27,2) (12,30,2)
LINE#151 (11,28,2) (11,29,2)
LINE#152 (21,21,2) (21,38,2)
LINE#153 (22,22,2) (22,37,2)
LINE#154 (23,23,2) (23,36,2)
LINE#155 (24,24,2) (24,35,2)
LINE#156 (25,25,2) (25,34,2)
LINE#157 (26,26,2) (26,33,2)
LINE#158 (27,27,2) (27,32,2)
LINE#159 (28,28,2) (28,31,2)
LINE#160 (29,29,2) (29,30,2)
LINE#161 (19,12,3) (19,39,3)
LINE#162 (20,12,3) (22,39,3)
LINE#163 (0,0,3) (39,0,3)
LINE#164 (0,1,3) (2,1,3)
LINE#165 (6,1,3) (39,1,3)
LINE#166 (27,2,3) (39,2,3)
LINE#167 (1,19,3) (38,21,3)
LINE#168 (2,20,3) (37,22,3)
LINE#169 (3,21,3) (36,23,3)
LINE#170 (4,22,3) (35,24,3)
LINE#171 (5,23,3) (34,25,3)
LINE#172 (19,18,3) (6,24,3)
LINE#173 (18,19,3) (7,25,3)
LINE#174 (17,20,3) (8,26,3)
LINE#175 (16,21,3) (9,27,3)
LINE#176 (15,22,3) (10,27,3)
LINE#177 (14,23,3) (11,26,3)
LINE#178 (13,24,3) (12,25,3)
LINE#179 (21,18,3) (33,26,3)
LINE#180 (21,19,3) (32,27,3)
LINE#181 (22,20,3) (31,28,3)
LINE#182 (23,21,3) (30,28,3)
LINE#183 (24,22,3) (29,27,3)
LINE#184 (25,23,3) (28,26,3)
LINE#185 (26,24,3) (27,25,3)
LINE#186 (12,30,3) (20,38,3)
LINE#187 (13,31,3) (19,37,3)
LINE#188 (14,32,3) (18,36,3)
LINE#189 (15,33,3) (17,33,3)
LINE#190 (16,34,3) (17,35,3)
LINE#191 (29,30,3) (21,38,3)
LINE#192 (28,31,3) (22,37,3)
LINE#193 (27,32,3) (23,36,3)
LINE#194 (24,33,3) (26,33,3)
LINE#195 (25,34,3) (24,35,3)
LINE#196 (1,21,3) (18,38,3)
LINE#197 (2,22,3) (17,37,3)
LINE#198 (3,23,3) (16,36,3)
LINE#199 (4,24,3) (15,35,3)
LINE#200 (5,25,3) (14,34,3)
LINE#201 (6,26,3) (13,33,3)
LINE#202 (7,27,3) (12,32,3)
LINE#203 (8,28,3) (11,31,3)
LINE#204 (9,29,3) (10,30,3)
LINE#205 (38,23,3) (23,38,3)
LINE#206 (37,24,3) (24,37,3)
LINE#207 (36,25,3) (25,36,3)
LINE#208 (35,26,3) (26,35,3)
LINE#209 (34,27,3) (27,34,3)
LINE#210 (33,28,3) (28,33,3)
LINE#211 (32,29,3) (29,32,3)
LINE#212 (31,30,3) (30,31,3)
