SIZE 15X15X3
LINE_NUM 57
LINE#1 (12,12,3) (3,1,2)
LINE#2 (5,6,2) (3,11,3)
LINE#3 (7,5,2) (9,11,3)
LINE#4 (11,2,2) (12,11,3)
LINE#5 (10,5,1) (10,3,3)
LINE#6 (4,14,2) (0,1,2)
LINE#7 (7,1,3) (2,0,1)
LINE#8 (1,7,2) (0,8,3)
LINE#9 (6,12,3) (5,14,3)
LINE#10 (11,2,1) (12,0,1)
LINE#11 (7,2,1) (9,5,1)
LINE#12 (11,5,2) (14,2,2)
LINE#13 (5,12,1) (10,4,2)
LINE#14 (13,9,1) (13,7,1)
LINE#15 (5,7,2) (6,6,3)
LINE#16 (12,12,1) (14,12,1)
LINE#17 (6,12,2) (13,12,1)
LINE#18 (3,3,3) (6,3,3)
LINE#19 (11,10,1) (12,8,1)
LINE#20 (3,12,2) (2,14,2)
LINE#21 (10,13,2) (14,12,3)
LINE#22 (7,10,1) (8,7,1)
LINE#23 (8,6,3) (2,1,2)
LINE#24 (11,8,2) (14,6,2)
LINE#25 (7,1,2) (3,2,3)
LINE#26 (9,0,3) (3,2,1)
LINE#27 (13,7,3) (13,10,3)
LINE#28 (11,14,1) (11,12,1)
LINE#29 (0,4,1) (0,8,1)
LINE#30 (0,11,1) (1,10,1)
LINE#31 (6,14,1) (4,14,1)
LINE#32 (9,14,3) (10,13,3)
LINE#33 (5,7,1) (6,6,1)
LINE#34 (11,1,1) (13,1,1)
LINE#35 (9,14,1) (8,13,1)
LINE#36 (10,10,1) (10,7,1)
LINE#37 (5,13,3) (3,10,1)
LINE#38 (12,4,1) (10,1,1)
LINE#39 (3,5,3) (4,6,3)
LINE#40 (8,9,2) (6,8,2)
LINE#41 (13,9,2) (14,8,2)
LINE#42 (13,1,3) (11,0,2)
LINE#43 (5,0,1) (7,1,1)
LINE#44 (9,1,2) (8,0,2)
LINE#45 (12,9,3) (11,8,3)
LINE#46 (5,6,1) (5,3,1)
LINE#47 (2,10,2) (2,11,3)
LINE#48 (11,6,3) (10,5,3)
LINE#49 (1,2,3) (1,0,3)
LINE#50 (8,2,3) (8,4,3)
LINE#51 (3,11,2) (3,12,1)
LINE#52 (11,11,3) (11,12,3)
LINE#53 (2,5,3) (1,5,3)
LINE#54 (3,13,3) (3,14,3)
LINE#55 (9,9,3) (9,10,3)
LINE#56 (10,13,1) (10,14,1)
LINE#57 (10,14,3) (11,14,3)
