SIZE 72X72X1
LINE_NUM 85
LINE#1 (1,0,1) (61,6,1)
LINE#2 (23,0,1) (64,13,1)
LINE#3 (55,0,1) (42,50,1)
LINE#4 (0,62,1) (6,3,1)
LINE#5 (17,71,1) (71,34,1)
LINE#6 (22,71,1) (66,66,1)
LINE#7 (59,67,1) (46,63,1)
LINE#8 (25,65,1) (61,68,1)
LINE#9 (26,65,1) (67,66,1)
LINE#10 (24,67,1) (59,70,1)
LINE#11 (23,69,1) (69,69,1)
LINE#12 (56,68,1) (57,66,1)
LINE#13 (55,69,1) (57,67,1)
LINE#14 (2,0,1) (59,18,1)
LINE#15 (1,16,1) (25,33,1)
LINE#16 (47,1,1) (70,1,1)
LINE#17 (2,9,1) (39,26,1)
LINE#18 (61,17,1) (3,35,1)
LINE#19 (16,28,1) (48,34,1)
LINE#20 (4,28,1) (3,9,1)
LINE#21 (24,0,1) (50,6,1)
LINE#22 (18,60,1) (19,69,1)
LINE#23 (1,14,1) (52,46,1)
LINE#24 (21,7,1) (56,2,1)
LINE#25 (21,58,1) (70,36,1)
LINE#26 (1,17,1) (12,32,1)
LINE#27 (12,13,1) (68,4,1)
LINE#28 (3,42,1) (14,68,1)
LINE#29 (16,43,1) (51,59,1)
LINE#30 (55,44,1) (61,16,1)
LINE#31 (11,15,1) (34,16,1)
LINE#32 (11,16,1) (34,15,1)
LINE#33 (43,42,1) (24,52,1)
LINE#34 (2,38,1) (46,37,1)
LINE#35 (14,49,1) (20,63,1)
LINE#36 (2,59,1) (13,68,1)
LINE#37 (22,43,1) (38,47,1)
LINE#38 (6,42,1) (46,38,1)
LINE#39 (4,4,1) (51,3,1)
LINE#40 (56,16,1) (59,47,1)
LINE#41 (12,16,1) (35,16,1)
LINE#42 (11,37,1) (26,33,1)
LINE#43 (39,11,1) (41,26,1)
LINE#44 (2,14,1) (59,33,1)
LINE#45 (2,69,1) (11,32,1)
LINE#46 (63,15,1) (68,5,1)
LINE#47 (17,41,1) (55,56,1)
LINE#48 (5,40,1) (9,33,1)
LINE#49 (23,22,1) (34,21,1)
LINE#50 (43,53,1) (29,46,1)
LINE#51 (7,13,1) (60,35,1)
LINE#52 (13,62,1) (18,69,1)
LINE#53 (22,44,1) (27,47,1)
LINE#54 (9,34,1) (8,43,1)
LINE#55 (11,20,1) (26,19,1)
LINE#56 (14,10,1) (40,26,1)
LINE#57 (19,57,1) (68,57,1)
LINE#58 (58,8,1) (46,39,1)
LINE#59 (66,53,1) (69,31,1)
LINE#60 (7,65,1) (66,52,1)
LINE#61 (27,19,1) (29,19,1)
LINE#62 (30,44,1) (25,47,1)
LINE#63 (4,25,1) (33,31,1)
LINE#64 (13,52,1) (10,63,1)
LINE#65 (4,5,1) (63,11,1)
LINE#66 (8,58,1) (10,57,1)
LINE#67 (26,45,1) (43,54,1)
LINE#68 (58,9,1) (65,14,1)
LINE#69 (5,15,1) (32,26,1)
LINE#70 (26,49,1) (41,43,1)
LINE#71 (12,52,1) (9,61,1)
LINE#72 (6,4,1) (41,6,1)
LINE#73 (19,55,1) (43,41,1)
LINE#74 (17,4,1) (53,12,1)
LINE#75 (14,48,1) (19,54,1)
LINE#76 (24,5,1) (45,18,1)
LINE#77 (24,47,1) (42,51,1)
LINE#78 (10,58,1) (13,46,1)
LINE#79 (46,5,1) (46,21,1)
LINE#80 (16,39,1) (22,39,1)
LINE#81 (46,13,1) (51,11,1)
LINE#82 (47,10,1) (46,22,1)
LINE#83 (44,14,1) (44,18,1)
LINE#84 (5,16,1) (5,25,1)
LINE#85 (68,22,1) (68,33,1)
