SIZE 72X72X1
LINE_NUM 160
LINE#1 (0,0,1) (8,15,1)
LINE#2 (0,4,1) (71,32,1)
LINE#3 (0,13,1) (71,42,1)
LINE#4 (0,16,1) (71,43,1)
LINE#5 (0,30,1) (0,63,1)
LINE#6 (0,46,1) (70,60,1)
LINE#7 (71,64,1) (0,71,1)
LINE#8 (71,65,1) (28,71,1)
LINE#9 (10,1,1) (70,32,1)
LINE#10 (5,0,1) (5,3,1)
LINE#11 (5,1,1) (7,1,1)
LINE#12 (5,2,1) (7,2,1)
LINE#13 (0,1,1) (0,3,1)
LINE#14 (0,2,1) (2,2,1)
LINE#15 (7,5,1) (7,7,1)
LINE#16 (5,6,1) (7,6,1)
LINE#17 (0,5,1) (6,16,1)
LINE#18 (1,5,1) (1,11,1)
LINE#19 (1,6,1) (5,10,1)
LINE#20 (1,17,1) (71,54,1)
LINE#21 (0,15,1) (70,34,1)
LINE#22 (0,14,1) (65,33,1)
LINE#23 (5,18,1) (65,32,1)
LINE#24 (0,17,1) (23,26,1)
LINE#25 (0,24,1) (33,41,1)
LINE#26 (33,30,1) (69,53,1)
LINE#27 (22,28,1) (0,29,1)
LINE#28 (0,25,1) (21,28,1)
LINE#29 (8,25,1) (8,27,1)
LINE#30 (23,12,1) (69,32,1)
LINE#31 (24,12,1) (68,32,1)
LINE#32 (25,12,1) (67,32,1)
LINE#33 (2,26,1) (8,26,1)
LINE#34 (70,65,1) (31,70,1)
LINE#35 (70,66,1) (35,70,1)
LINE#36 (70,67,1) (39,70,1)
LINE#37 (46,69,1) (69,69,1)
LINE#38 (49,68,1) (43,70,1)
LINE#39 (26,5,1) (66,5,1)
LINE#40 (27,5,1) (65,5,1)
LINE#41 (27,6,1) (65,6,1)
LINE#42 (37,6,1) (49,6,1)
LINE#43 (27,7,1) (50,17,1)
LINE#44 (27,8,1) (50,16,1)
LINE#45 (28,8,1) (51,16,1)
LINE#46 (28,9,1) (61,13,1)
LINE#47 (60,9,1) (62,10,1)
LINE#48 (53,9,1) (52,14,1)
LINE#49 (52,10,1) (52,13,1)
LINE#50 (28,10,1) (32,10,1)
LINE#51 (55,12,1) (53,13,1)
LINE#52 (56,10,1) (54,11,1)
LINE#53 (57,10,1) (57,13,1)
LINE#54 (58,10,1) (58,13,1)
LINE#55 (6,64,1) (44,64,1)
LINE#56 (7,64,1) (1,69,1)
LINE#57 (40,64,1) (2,66,1)
LINE#58 (36,64,1) (3,68,1)
LINE#59 (15,64,1) (3,67,1)
LINE#60 (32,64,1) (4,67,1)
LINE#61 (25,65,1) (22,66,1)
LINE#62 (28,64,1) (9,66,1)
LINE#63 (9,65,1) (20,65,1)
LINE#64 (16,64,1) (20,64,1)
LINE#65 (12,4,1) (62,31,1)
LINE#66 (0,31,1) (69,57,1)
LINE#67 (31,31,1) (24,59,1)
LINE#68 (0,45,1) (69,58,1)
LINE#69 (16,32,1) (0,44,1)
LINE#70 (15,21,1) (40,21,1)
LINE#71 (64,21,1) (64,32,1)
LINE#72 (19,5,1) (61,23,1)
LINE#73 (18,5,1) (37,23,1)
LINE#74 (30,20,1) (30,22,1)
LINE#75 (30,21,1) (36,21,1)
LINE#76 (22,47,1) (6,59,1)
LINE#77 (14,58,1) (70,61,1)
LINE#78 (0,62,1) (70,62,1)
LINE#79 (14,57,1) (21,61,1)
LINE#80 (17,49,1) (19,50,1)
LINE#81 (18,59,1) (20,59,1)
LINE#82 (21,49,1) (20,60,1)
LINE#83 (12,5,1) (17,5,1)
LINE#84 (16,5,1) (13,17,1)
LINE#85 (16,6,1) (14,16,1)
LINE#86 (14,17,1) (16,19,1)
LINE#87 (16,7,1) (15,16,1)
LINE#88 (15,7,1) (15,15,1)
LINE#89 (22,16,1) (45,20,1)
LINE#90 (44,20,1) (46,20,1)
LINE#91 (41,18,1) (43,18,1)
LINE#92 (41,17,1) (41,19,1)
LINE#93 (35,31,1) (68,51,1)
LINE#94 (40,34,1) (43,34,1)
LINE#95 (44,34,1) (34,39,1)
LINE#96 (39,33,1) (35,39,1)
LINE#97 (35,32,1) (38,38,1)
LINE#98 (36,32,1) (38,37,1)
LINE#99 (36,34,1) (36,37,1)
LINE#100 (37,34,1) (37,37,1)
LINE#101 (39,30,1) (55,36,1)
LINE#102 (40,35,1) (64,52,1)
LINE#103 (43,30,1) (55,34,1)
LINE#104 (48,31,1) (54,31,1)
LINE#105 (53,32,1) (54,33,1)
LINE#106 (40,36,1) (62,52,1)
LINE#107 (48,40,1) (60,52,1)
LINE#108 (49,41,1) (59,51,1)
LINE#109 (50,42,1) (58,50,1)
LINE#110 (51,43,1) (57,49,1)
LINE#111 (52,44,1) (56,48,1)
LINE#112 (53,45,1) (54,46,1)
LINE#113 (53,47,1) (55,47,1)
LINE#114 (41,37,1) (47,39,1)
LINE#115 (40,37,1) (45,39,1)
LINE#116 (57,38,1) (69,49,1)
LINE#117 (68,47,1) (69,48,1)
LINE#118 (60,39,1) (69,46,1)
LINE#119 (59,38,1) (67,44,1)
LINE#120 (62,39,1) (66,43,1)
LINE#121 (63,40,1) (64,41,1)
LINE#122 (65,40,1) (65,42,1)
LINE#123 (2,34,1) (4,35,1)
LINE#124 (3,42,1) (5,44,1)
LINE#125 (4,34,1) (25,57,1)
LINE#126 (4,33,1) (26,57,1)
LINE#127 (15,34,1) (7,43,1)
LINE#128 (8,36,1) (8,43,1)
LINE#129 (7,41,1) (9,42,1)
LINE#130 (9,43,1) (25,43,1)
LINE#131 (10,35,1) (25,42,1)
LINE#132 (10,36,1) (11,38,1)
LINE#133 (13,37,1) (14,39,1)
LINE#134 (10,40,1) (10,42,1)
LINE#135 (10,41,1) (13,41,1)
LINE#136 (18,31,1) (43,56,1)
LINE#137 (18,39,1) (42,45,1)
LINE#138 (41,45,1) (29,55,1)
LINE#139 (18,38,1) (40,54,1)
LINE#140 (29,32,1) (18,37,1)
LINE#141 (28,32,1) (18,36,1)
LINE#142 (28,33,1) (19,36,1)
LINE#143 (19,33,1) (27,33,1)
LINE#144 (20,33,1) (26,33,1)
LINE#145 (20,34,1) (26,34,1)
LINE#146 (14,56,1) (0,61,1)
LINE#147 (14,47,1) (0,60,1)
LINE#148 (13,54,1) (1,59,1)
LINE#149 (13,47,1) (0,59,1)
LINE#150 (12,47,1) (0,52,1)
LINE#151 (12,48,1) (1,52,1)
LINE#152 (11,48,1) (1,51,1)
LINE#153 (2,49,1) (2,51,1)
LINE#154 (2,50,1) (10,50,1)
LINE#155 (40,45,1) (32,47,1)
LINE#156 (38,45,1) (39,47,1)
LINE#157 (40,46,1) (39,52,1)
LINE#158 (36,45,1) (40,51,1)
LINE#159 (36,46,1) (34,49,1)
LINE#160 (35,47,1) (35,49,1)
