SIZE 16X20X5
LINE_NUM 272
LINE#1 (0,2,1) (0,4,1)
LINE#2 (0,4,2) (0,4,4)
LINE#3 (0,2,3) (0,4,3)
LINE#4 (0,2,5) (0,4,5)
LINE#5 (0,1,1) (0,1,5)
LINE#6 (0,5,5) (0,9,1)
LINE#7 (0,6,2) (0,8,3)
LINE#8 (0,7,1) (0,8,4)
LINE#9 (0,7,2) (0,8,1)
LINE#10 (0,10,1) (0,10,5)
LINE#11 (0,10,4) (0,13,2)
LINE#12 (0,11,1) (0,11,2)
LINE#13 (0,16,1) (0,17,3)
LINE#14 (0,15,1) (0,18,2)
LINE#15 (0,17,5) (0,19,4)
LINE#16 (0,16,3) (0,18,4)
LINE#17 (0,15,3) (0,16,5)
LINE#18 (1,2,1) (1,4,1)
LINE#19 (1,4,2) (1,4,4)
LINE#20 (1,2,3) (1,4,3)
LINE#21 (1,2,5) (1,4,5)
LINE#22 (1,1,1) (1,1,5)
LINE#23 (1,5,5) (1,9,1)
LINE#24 (1,6,2) (1,8,3)
LINE#25 (1,7,1) (1,8,4)
LINE#26 (1,7,2) (1,8,1)
LINE#27 (1,10,1) (1,10,5)
LINE#28 (1,10,4) (1,13,2)
LINE#29 (1,11,1) (1,11,2)
LINE#30 (1,16,1) (1,17,3)
LINE#31 (1,15,1) (1,18,2)
LINE#32 (1,17,5) (1,19,4)
LINE#33 (1,16,3) (1,18,4)
LINE#34 (1,15,3) (1,16,5)
LINE#35 (2,2,1) (2,4,1)
LINE#36 (2,4,2) (2,4,4)
LINE#37 (2,2,3) (2,4,3)
LINE#38 (2,2,5) (2,4,5)
LINE#39 (2,1,1) (2,1,5)
LINE#40 (2,5,5) (2,9,1)
LINE#41 (2,6,2) (2,8,3)
LINE#42 (2,7,1) (2,8,4)
LINE#43 (2,7,2) (2,8,1)
LINE#44 (2,10,1) (2,10,5)
LINE#45 (2,10,4) (2,13,2)
LINE#46 (2,11,1) (2,11,2)
LINE#47 (2,16,1) (2,17,3)
LINE#48 (2,15,1) (2,18,2)
LINE#49 (2,17,5) (2,19,4)
LINE#50 (2,16,3) (2,18,4)
LINE#51 (2,15,3) (2,16,5)
LINE#52 (3,2,1) (3,4,1)
LINE#53 (3,4,2) (3,4,4)
LINE#54 (3,2,3) (3,4,3)
LINE#55 (3,2,5) (3,4,5)
LINE#56 (3,1,1) (3,1,5)
LINE#57 (3,5,5) (3,9,1)
LINE#58 (3,6,2) (3,8,3)
LINE#59 (3,7,1) (3,8,4)
LINE#60 (3,7,2) (3,8,1)
LINE#61 (3,10,1) (3,10,5)
LINE#62 (3,10,4) (3,13,2)
LINE#63 (3,11,1) (3,11,2)
LINE#64 (3,16,1) (3,17,3)
LINE#65 (3,15,1) (3,18,2)
LINE#66 (3,17,5) (3,19,4)
LINE#67 (3,16,3) (3,18,4)
LINE#68 (3,15,3) (3,16,5)
LINE#69 (4,2,1) (4,4,1)
LINE#70 (4,4,2) (4,4,4)
LINE#71 (4,2,3) (4,4,3)
LINE#72 (4,2,5) (4,4,5)
LINE#73 (4,1,1) (4,1,5)
LINE#74 (4,5,5) (4,9,1)
LINE#75 (4,6,2) (4,8,3)
LINE#76 (4,7,1) (4,8,4)
LINE#77 (4,7,2) (4,8,1)
LINE#78 (4,10,1) (4,10,5)
LINE#79 (4,10,4) (4,13,2)
LINE#80 (4,11,1) (4,11,2)
LINE#81 (4,16,1) (4,17,3)
LINE#82 (4,15,1) (4,18,2)
LINE#83 (4,17,5) (4,19,4)
LINE#84 (4,16,3) (4,18,4)
LINE#85 (4,15,3) (4,16,5)
LINE#86 (5,2,1) (5,4,1)
LINE#87 (5,4,2) (5,4,4)
LINE#88 (5,2,3) (5,4,3)
LINE#89 (5,2,5) (5,4,5)
LINE#90 (5,1,1) (5,1,5)
LINE#91 (5,5,5) (5,9,1)
LINE#92 (5,6,2) (5,8,3)
LINE#93 (5,7,1) (5,8,4)
LINE#94 (5,7,2) (5,8,1)
LINE#95 (5,10,1) (5,10,5)
LINE#96 (5,10,4) (5,13,2)
LINE#97 (5,11,1) (5,11,2)
LINE#98 (5,16,1) (5,17,3)
LINE#99 (5,15,1) (5,18,2)
LINE#100 (5,17,5) (5,19,4)
LINE#101 (5,16,3) (5,18,4)
LINE#102 (5,15,3) (5,16,5)
LINE#103 (6,2,1) (6,4,1)
LINE#104 (6,4,2) (6,4,4)
LINE#105 (6,2,3) (6,4,3)
LINE#106 (6,2,5) (6,4,5)
LINE#107 (6,1,1) (6,1,5)
LINE#108 (6,5,5) (6,9,1)
LINE#109 (6,6,2) (6,8,3)
LINE#110 (6,7,1) (6,8,4)
LINE#111 (6,7,2) (6,8,1)
LINE#112 (6,10,1) (6,10,5)
LINE#113 (6,10,4) (6,13,2)
LINE#114 (6,11,1) (6,11,2)
LINE#115 (6,16,1) (6,17,3)
LINE#116 (6,15,1) (6,18,2)
LINE#117 (6,17,5) (6,19,4)
LINE#118 (6,16,3) (6,18,4)
LINE#119 (6,15,3) (6,16,5)
LINE#120 (7,2,1) (7,4,1)
LINE#121 (7,4,2) (7,4,4)
LINE#122 (7,2,3) (7,4,3)
LINE#123 (7,2,5) (7,4,5)
LINE#124 (7,1,1) (7,1,5)
LINE#125 (7,5,5) (7,9,1)
LINE#126 (7,6,2) (7,8,3)
LINE#127 (7,7,1) (7,8,4)
LINE#128 (7,7,2) (7,8,1)
LINE#129 (7,10,1) (7,10,5)
LINE#130 (7,10,4) (7,13,2)
LINE#131 (7,11,1) (7,11,2)
LINE#132 (7,16,1) (7,17,3)
LINE#133 (7,15,1) (7,18,2)
LINE#134 (7,17,5) (7,19,4)
LINE#135 (7,16,3) (7,18,4)
LINE#136 (7,15,3) (7,16,5)
LINE#137 (8,2,1) (8,4,1)
LINE#138 (8,4,2) (8,4,4)
LINE#139 (8,2,3) (8,4,3)
LINE#140 (8,2,5) (8,4,5)
LINE#141 (8,1,1) (8,1,5)
LINE#142 (8,5,5) (8,9,1)
LINE#143 (8,6,2) (8,8,3)
LINE#144 (8,7,1) (8,8,4)
LINE#145 (8,7,2) (8,8,1)
LINE#146 (8,10,1) (8,10,5)
LINE#147 (8,10,4) (8,13,2)
LINE#148 (8,11,1) (8,11,2)
LINE#149 (8,16,1) (8,17,3)
LINE#150 (8,15,1) (8,18,2)
LINE#151 (8,17,5) (8,19,4)
LINE#152 (8,16,3) (8,18,4)
LINE#153 (8,15,3) (8,16,5)
LINE#154 (9,2,1) (9,4,1)
LINE#155 (9,4,2) (9,4,4)
LINE#156 (9,2,3) (9,4,3)
LINE#157 (9,2,5) (9,4,5)
LINE#158 (9,1,1) (9,1,5)
LINE#159 (9,5,5) (9,9,1)
LINE#160 (9,6,2) (9,8,3)
LINE#161 (9,7,1) (9,8,4)
LINE#162 (9,7,2) (9,8,1)
LINE#163 (9,10,1) (9,10,5)
LINE#164 (9,10,4) (9,13,2)
LINE#165 (9,11,1) (9,11,2)
LINE#166 (9,16,1) (9,17,3)
LINE#167 (9,15,1) (9,18,2)
LINE#168 (9,17,5) (9,19,4)
LINE#169 (9,16,3) (9,18,4)
LINE#170 (9,15,3) (9,16,5)
LINE#171 (10,2,1) (10,4,1)
LINE#172 (10,4,2) (10,4,4)
LINE#173 (10,2,3) (10,4,3)
LINE#174 (10,2,5) (10,4,5)
LINE#175 (10,1,1) (10,1,5)
LINE#176 (10,5,5) (10,9,1)
LINE#177 (10,6,2) (10,8,3)
LINE#178 (10,7,1) (10,8,4)
LINE#179 (10,7,2) (10,8,1)
LINE#180 (10,10,1) (10,10,5)
LINE#181 (10,10,4) (10,13,2)
LINE#182 (10,11,1) (10,11,2)
LINE#183 (10,16,1) (10,17,3)
LINE#184 (10,15,1) (10,18,2)
LINE#185 (10,17,5) (10,19,4)
LINE#186 (10,16,3) (10,18,4)
LINE#187 (10,15,3) (10,16,5)
LINE#188 (11,2,1) (11,4,1)
LINE#189 (11,4,2) (11,4,4)
LINE#190 (11,2,3) (11,4,3)
LINE#191 (11,2,5) (11,4,5)
LINE#192 (11,1,1) (11,1,5)
LINE#193 (11,5,5) (11,9,1)
LINE#194 (11,6,2) (11,8,3)
LINE#195 (11,7,1) (11,8,4)
LINE#196 (11,7,2) (11,8,1)
LINE#197 (11,10,1) (11,10,5)
LINE#198 (11,10,4) (11,13,2)
LINE#199 (11,11,1) (11,11,2)
LINE#200 (11,16,1) (11,17,3)
LINE#201 (11,15,1) (11,18,2)
LINE#202 (11,17,5) (11,19,4)
LINE#203 (11,16,3) (11,18,4)
LINE#204 (11,15,3) (11,16,5)
LINE#205 (12,2,1) (12,4,1)
LINE#206 (12,4,2) (12,4,4)
LINE#207 (12,2,3) (12,4,3)
LINE#208 (12,2,5) (12,4,5)
LINE#209 (12,1,1) (12,1,5)
LINE#210 (12,5,5) (12,9,1)
LINE#211 (12,6,2) (12,8,3)
LINE#212 (12,7,1) (12,8,4)
LINE#213 (12,7,2) (12,8,1)
LINE#214 (12,10,1) (12,10,5)
LINE#215 (12,10,4) (12,13,2)
LINE#216 (12,11,1) (12,11,2)
LINE#217 (12,16,1) (12,17,3)
LINE#218 (12,15,1) (12,18,2)
LINE#219 (12,17,5) (12,19,4)
LINE#220 (12,16,3) (12,18,4)
LINE#221 (12,15,3) (12,16,5)
LINE#222 (13,2,1) (13,4,1)
LINE#223 (13,4,2) (13,4,4)
LINE#224 (13,2,3) (13,4,3)
LINE#225 (13,2,5) (13,4,5)
LINE#226 (13,1,1) (13,1,5)
LINE#227 (13,5,5) (13,9,1)
LINE#228 (13,6,2) (13,8,3)
LINE#229 (13,7,1) (13,8,4)
LINE#230 (13,7,2) (13,8,1)
LINE#231 (13,10,1) (13,10,5)
LINE#232 (13,10,4) (13,13,2)
LINE#233 (13,11,1) (13,11,2)
LINE#234 (13,16,1) (13,17,3)
LINE#235 (13,15,1) (13,18,2)
LINE#236 (13,17,5) (13,19,4)
LINE#237 (13,16,3) (13,18,4)
LINE#238 (13,15,3) (13,16,5)
LINE#239 (14,2,1) (14,4,1)
LINE#240 (14,4,2) (14,4,4)
LINE#241 (14,2,3) (14,4,3)
LINE#242 (14,2,5) (14,4,5)
LINE#243 (14,1,1) (14,1,5)
LINE#244 (14,5,5) (14,9,1)
LINE#245 (14,6,2) (14,8,3)
LINE#246 (14,7,1) (14,8,4)
LINE#247 (14,7,2) (14,8,1)
LINE#248 (14,10,1) (14,10,5)
LINE#249 (14,10,4) (14,13,2)
LINE#250 (14,11,1) (14,11,2)
LINE#251 (14,16,1) (14,17,3)
LINE#252 (14,15,1) (14,18,2)
LINE#253 (14,17,5) (14,19,4)
LINE#254 (14,16,3) (14,18,4)
LINE#255 (14,15,3) (14,16,5)
LINE#256 (15,2,1) (15,4,1)
LINE#257 (15,4,2) (15,4,4)
LINE#258 (15,2,3) (15,4,3)
LINE#259 (15,2,5) (15,4,5)
LINE#260 (15,1,1) (15,1,5)
LINE#261 (15,5,5) (15,9,1)
LINE#262 (15,6,2) (15,8,3)
LINE#263 (15,7,1) (15,8,4)
LINE#264 (15,7,2) (15,8,1)
LINE#265 (15,10,1) (15,10,5)
LINE#266 (15,10,4) (15,13,2)
LINE#267 (15,11,1) (15,11,2)
LINE#268 (15,16,1) (15,17,3)
LINE#269 (15,15,1) (15,18,2)
LINE#270 (15,17,5) (15,19,4)
LINE#271 (15,16,3) (15,18,4)
LINE#272 (15,15,3) (15,16,5)
