SIZE 40X40X3
LINE_NUM 426
LINE#1 (33,27,2) (38,18,1)
LINE#2 (26,37,3) (20,34,1)
LINE#3 (26,27,2) (22,26,1)
LINE#4 (11,0,3) (17,12,3)
LINE#5 (3,12,1) (3,5,2)
LINE#6 (29,2,2) (38,5,1)
LINE#7 (28,9,3) (30,38,3)
LINE#8 (24,4,1) (16,16,3)
LINE#9 (20,6,3) (18,12,3)
LINE#10 (18,36,1) (21,35,1)
LINE#11 (7,2,3) (4,10,3)
LINE#12 (4,29,3) (9,23,3)
LINE#13 (31,26,2) (38,9,1)
LINE#14 (10,39,3) (32,2,3)
LINE#15 (27,23,2) (33,22,2)
LINE#16 (11,22,2) (11,39,1)
LINE#17 (9,25,3) (15,27,1)
LINE#18 (5,32,1) (6,28,1)
LINE#19 (13,32,1) (10,28,1)
LINE#20 (30,4,3) (39,0,1)
LINE#21 (19,6,1) (8,23,3)
LINE#22 (39,28,1) (36,32,1)
LINE#23 (15,6,3) (17,11,3)
LINE#24 (6,32,2) (11,37,3)
LINE#25 (18,19,2) (21,22,2)
LINE#26 (23,9,3) (28,0,2)
LINE#27 (12,16,3) (8,21,3)
LINE#28 (38,26,1) (39,24,1)
LINE#29 (11,39,2) (17,38,3)
LINE#30 (15,4,1) (15,13,2)
LINE#31 (39,32,3) (36,38,3)
LINE#32 (38,13,1) (35,17,3)
LINE#33 (22,13,2) (18,15,2)
LINE#34 (18,24,3) (8,32,3)
LINE#35 (21,23,2) (39,31,3)
LINE#36 (4,20,3) (7,20,1)
LINE#37 (3,10,1) (2,9,1)
LINE#38 (16,31,2) (26,21,3)
LINE#39 (15,26,3) (15,29,1)
LINE#40 (10,30,2) (10,21,3)
LINE#41 (0,15,2) (3,5,1)
LINE#42 (0,39,1) (9,35,1)
LINE#43 (14,6,1) (15,9,1)
LINE#44 (37,21,2) (35,17,2)
LINE#45 (8,3,1) (8,2,3)
LINE#46 (15,19,1) (15,16,1)
LINE#47 (33,5,3) (34,0,3)
LINE#48 (11,1,3) (34,17,3)
LINE#49 (23,7,1) (23,10,1)
LINE#50 (31,20,1) (29,24,2)
LINE#51 (21,39,3) (22,33,1)
LINE#52 (22,37,2) (23,29,3)
LINE#53 (39,17,3) (39,5,2)
LINE#54 (30,2,1) (31,1,1)
LINE#55 (6,20,3) (7,18,3)
LINE#56 (38,27,1) (37,17,1)
LINE#57 (39,25,1) (39,27,1)
LINE#58 (14,35,1) (14,29,1)
LINE#59 (22,2,1) (9,3,1)
LINE#60 (34,35,3) (35,28,3)
LINE#61 (19,13,1) (19,11,2)
LINE#62 (0,23,1) (0,21,1)
LINE#63 (33,11,2) (24,10,3)
LINE#64 (10,37,3) (2,38,3)
LINE#65 (32,1,3) (30,0,3)
LINE#66 (2,23,2) (7,26,3)
LINE#67 (21,30,2) (17,33,1)
LINE#68 (27,39,3) (21,36,1)
LINE#69 (31,34,2) (32,38,1)
LINE#70 (23,19,3) (21,22,3)
LINE#71 (11,11,3) (7,15,3)
LINE#72 (17,24,1) (23,21,1)
LINE#73 (26,17,3) (24,21,3)
LINE#74 (39,29,3) (38,19,3)
LINE#75 (27,21,1) (27,23,1)
LINE#76 (37,25,2) (29,27,3)
LINE#77 (25,16,2) (19,17,1)
LINE#78 (25,26,1) (22,23,1)
LINE#79 (32,10,2) (30,7,2)
LINE#80 (23,15,3) (24,18,3)
LINE#81 (0,5,1) (1,8,1)
LINE#82 (9,8,3) (5,9,3)
LINE#83 (6,5,2) (9,4,3)
LINE#84 (32,7,1) (38,6,3)
LINE#85 (9,24,1) (5,18,3)
LINE#86 (32,7,3) (35,3,3)
LINE#87 (13,33,1) (8,34,3)
LINE#88 (0,31,1) (0,33,1)
LINE#89 (7,28,1) (12,30,1)
LINE#90 (2,30,3) (14,29,3)
LINE#91 (1,23,1) (6,26,3)
LINE#92 (23,27,1) (22,31,3)
LINE#93 (35,7,2) (34,4,2)
LINE#94 (14,38,1) (19,38,1)
LINE#95 (2,14,2) (7,16,3)
LINE#96 (29,35,3) (28,31,2)
LINE#97 (28,10,2) (37,6,3)
LINE#98 (33,14,3) (23,10,3)
LINE#99 (23,16,2) (21,21,3)
LINE#100 (25,20,1) (27,21,2)
LINE#101 (6,32,1) (13,34,1)
LINE#102 (8,11,3) (9,11,2)
LINE#103 (27,25,3) (26,29,3)
LINE#104 (16,21,2) (19,19,2)
LINE#105 (1,12,3) (9,0,3)
LINE#106 (38,34,1) (37,32,1)
LINE#107 (21,20,1) (15,24,1)
LINE#108 (12,23,2) (13,29,3)
LINE#109 (4,21,2) (6,26,1)
LINE#110 (10,26,3) (10,28,3)
LINE#111 (38,30,2) (33,35,2)
LINE#112 (21,1,1) (11,0,1)
LINE#113 (0,4,1) (1,2,1)
LINE#114 (30,18,3) (29,15,3)
LINE#115 (35,25,2) (31,25,2)
LINE#116 (13,2,3) (6,7,3)
LINE#117 (16,4,1) (12,0,3)
LINE#118 (24,6,2) (21,4,3)
LINE#119 (2,21,2) (3,22,2)
LINE#120 (25,15,1) (30,17,1)
LINE#121 (2,1,2) (2,3,2)
LINE#122 (22,17,3) (24,12,1)
LINE#123 (7,15,1) (6,16,1)
LINE#124 (3,31,3) (5,27,2)
LINE#125 (33,16,1) (32,17,1)
LINE#126 (14,25,3) (16,25,3)
LINE#127 (9,20,1) (14,13,1)
LINE#128 (31,8,1) (26,3,3)
LINE#129 (33,15,2) (33,19,1)
LINE#130 (18,7,2) (27,0,2)
LINE#131 (35,1,1) (36,1,3)
LINE#132 (30,20,2) (32,22,3)
LINE#133 (28,39,2) (18,38,3)
LINE#134 (16,35,2) (16,36,3)
LINE#135 (1,35,1) (1,36,2)
LINE#136 (3,30,2) (3,33,2)
LINE#137 (28,10,1) (27,11,1)
LINE#138 (2,35,1) (4,36,3)
LINE#139 (9,18,3) (14,13,3)
LINE#140 (34,13,3) (37,13,3)
LINE#141 (36,29,1) (37,27,1)
LINE#142 (7,38,2) (14,36,1)
LINE#143 (37,20,2) (36,25,2)
LINE#144 (37,35,1) (33,33,3)
LINE#145 (16,3,2) (14,3,2)
LINE#146 (28,18,2) (29,17,3)
LINE#147 (34,33,1) (37,32,3)
LINE#148 (24,3,2) (28,4,2)
LINE#149 (35,22,2) (36,21,3)
LINE#150 (15,1,2) (20,1,1)
LINE#151 (35,30,3) (37,30,3)
LINE#152 (16,5,1) (16,1,3)
LINE#153 (21,12,1) (19,9,2)
LINE#154 (22,1,2) (22,5,1)
LINE#155 (17,8,2) (15,8,1)
LINE#156 (37,39,2) (39,36,2)
LINE#157 (17,32,3) (15,33,3)
LINE#158 (25,6,2) (26,5,3)
LINE#159 (30,37,3) (29,38,3)
LINE#160 (22,0,2) (23,1,3)
LINE#161 (14,21,1) (13,16,1)
LINE#162 (31,30,1) (30,29,1)
LINE#163 (0,15,3) (1,23,2)
LINE#164 (7,22,2) (9,23,2)
LINE#165 (25,34,1) (25,31,1)
LINE#166 (18,26,2) (22,25,3)
LINE#167 (11,2,2) (10,5,1)
LINE#168 (8,10,3) (7,9,3)
LINE#169 (11,18,2) (8,17,2)
LINE#170 (16,32,2) (18,32,2)
LINE#171 (13,31,3) (11,32,3)
LINE#172 (22,35,3) (21,33,3)
LINE#173 (19,23,2) (17,21,2)
LINE#174 (14,20,3) (13,22,3)
LINE#175 (30,27,3) (34,31,3)
LINE#176 (12,18,2) (13,18,3)
LINE#177 (36,36,3) (34,36,3)
LINE#178 (31,28,3) (31,27,2)
LINE#179 (21,30,1) (18,34,1)
LINE#180 (3,5,3) (4,4,2)
LINE#181 (37,29,2) (39,28,2)
LINE#182 (32,20,2) (35,21,3)
LINE#183 (31,32,1) (33,32,1)
LINE#184 (2,39,2) (4,39,1)
LINE#185 (38,19,1) (38,22,1)
LINE#186 (6,34,2) (6,30,3)
LINE#187 (19,14,3) (19,17,3)
LINE#188 (11,11,2) (12,12,2)
LINE#189 (17,19,3) (20,26,3)
LINE#190 (28,9,1) (24,9,2)
LINE#191 (38,28,3) (34,26,3)
LINE#192 (24,24,2) (27,28,2)
LINE#193 (26,35,1) (22,38,1)
LINE#194 (5,34,1) (3,35,1)
LINE#195 (4,20,1) (3,21,1)
LINE#196 (31,2,2) (32,2,1)
LINE#197 (0,24,2) (0,35,3)
LINE#198 (6,3,3) (5,2,3)
LINE#199 (11,7,2) (10,7,1)
LINE#200 (19,26,2) (18,29,1)
LINE#201 (28,25,3) (29,26,2)
LINE#202 (12,24,1) (10,24,1)
LINE#203 (9,25,2) (9,30,2)
LINE#204 (19,27,1) (17,27,1)
LINE#205 (31,0,3) (33,0,3)
LINE#206 (21,21,1) (18,24,1)
LINE#207 (6,2,1) (6,6,1)
LINE#208 (19,2,3) (21,1,2)
LINE#209 (19,13,2) (23,12,2)
LINE#210 (1,13,2) (0,16,1)
LINE#211 (33,32,3) (33,31,2)
LINE#212 (39,4,1) (39,2,1)
LINE#213 (31,19,2) (32,11,1)
LINE#214 (26,1,2) (28,1,3)
LINE#215 (3,32,3) (2,31,2)
LINE#216 (33,14,2) (35,14,3)
LINE#217 (2,11,2) (0,14,2)
LINE#218 (2,34,2) (4,32,1)
LINE#219 (24,24,1) (23,24,2)
LINE#220 (29,32,1) (30,35,2)
LINE#221 (21,10,2) (22,8,2)
LINE#222 (16,35,1) (17,39,1)
LINE#223 (27,25,1) (24,27,1)
LINE#224 (34,2,2) (35,1,2)
LINE#225 (34,10,2) (37,11,2)
LINE#226 (25,8,2) (26,9,2)
LINE#227 (21,28,1) (22,27,1)
LINE#228 (27,20,1) (28,16,1)
LINE#229 (21,24,3) (20,25,3)
LINE#230 (28,33,2) (23,32,3)
LINE#231 (18,4,1) (19,2,2)
LINE#232 (14,20,2) (11,16,1)
LINE#233 (28,35,2) (29,34,3)
LINE#234 (8,14,2) (7,15,2)
LINE#235 (17,14,3) (15,18,2)
LINE#236 (9,15,3) (10,18,3)
LINE#237 (11,1,2) (16,1,1)
LINE#238 (36,13,1) (37,14,2)
LINE#239 (32,39,3) (32,36,3)
LINE#240 (11,9,1) (3,9,1)
LINE#241 (6,10,1) (4,11,1)
LINE#242 (25,37,1) (25,39,1)
LINE#243 (37,3,2) (38,1,2)
LINE#244 (38,34,2) (37,36,1)
LINE#245 (13,17,1) (13,18,2)
LINE#246 (6,13,1) (5,11,1)
LINE#247 (4,29,1) (4,27,2)
LINE#248 (30,19,2) (31,19,1)
LINE#249 (24,30,2) (23,29,2)
LINE#250 (21,15,1) (21,17,1)
LINE#251 (22,38,3) (20,38,3)
LINE#252 (30,32,1) (30,31,2)
LINE#253 (20,30,2) (21,31,2)
LINE#254 (37,35,3) (35,36,3)
LINE#255 (12,27,1) (14,27,1)
LINE#256 (24,14,1) (25,16,1)
LINE#257 (23,15,2) (23,14,3)
LINE#258 (26,24,2) (27,25,2)
LINE#259 (8,38,3) (3,37,2)
LINE#260 (19,21,2) (19,22,3)
LINE#261 (27,14,2) (26,16,2)
LINE#262 (27,23,3) (26,22,3)
LINE#263 (32,15,3) (31,16,3)
LINE#264 (9,37,2) (6,38,1)
LINE#265 (1,7,2) (4,6,1)
LINE#266 (10,6,2) (11,7,3)
LINE#267 (18,6,2) (18,7,1)
LINE#268 (27,35,2) (28,37,2)
LINE#269 (20,32,3) (19,35,3)
LINE#270 (27,38,3) (23,36,3)
LINE#271 (36,33,2) (36,37,2)
LINE#272 (15,6,2) (16,6,1)
LINE#273 (21,19,3) (20,18,3)
LINE#274 (30,5,1) (28,6,1)
LINE#275 (11,34,2) (10,35,2)
LINE#276 (7,33,1) (11,34,1)
LINE#277 (13,11,1) (8,12,2)
LINE#278 (25,38,2) (26,37,2)
LINE#279 (4,14,3) (2,14,3)
LINE#280 (1,25,1) (0,24,1)
LINE#281 (16,21,1) (15,20,1)
LINE#282 (32,35,1) (30,34,1)
LINE#283 (36,4,1) (35,5,1)
LINE#284 (21,15,3) (21,17,3)
LINE#285 (27,33,2) (28,34,2)
LINE#286 (10,11,3) (9,14,1)
LINE#287 (20,29,3) (20,31,3)
LINE#288 (17,33,3) (16,35,3)
LINE#289 (5,23,3) (5,25,3)
LINE#290 (26,26,1) (24,26,3)
LINE#291 (31,26,1) (33,27,1)
LINE#292 (33,19,3) (32,20,3)
LINE#293 (1,10,1) (2,10,2)
LINE#294 (4,5,3) (6,5,3)
LINE#295 (19,30,2) (20,29,2)
LINE#296 (36,22,2) (37,23,2)
LINE#297 (32,36,1) (30,36,1)
LINE#298 (17,16,1) (17,14,1)
LINE#299 (23,0,1) (22,1,1)
LINE#300 (20,0,3) (18,0,3)
LINE#301 (12,22,1) (13,19,1)
LINE#302 (31,2,3) (30,3,3)
LINE#303 (2,19,2) (3,20,3)
LINE#304 (26,5,1) (25,4,1)
LINE#305 (18,6,3) (17,5,3)
LINE#306 (25,29,2) (26,30,2)
LINE#307 (20,34,2) (21,34,3)
LINE#308 (7,36,1) (8,35,1)
LINE#309 (19,7,2) (20,6,2)
LINE#310 (18,23,2) (14,23,2)
LINE#311 (14,22,3) (15,23,3)
LINE#312 (21,15,2) (20,16,2)
LINE#313 (25,19,2) (24,19,1)
LINE#314 (0,11,2) (0,9,2)
LINE#315 (35,33,3) (37,34,3)
LINE#316 (31,8,3) (30,8,2)
LINE#317 (15,11,2) (16,10,2)
LINE#318 (26,25,3) (26,27,3)
LINE#319 (15,25,2) (15,26,1)
LINE#320 (20,12,3) (20,13,3)
LINE#321 (9,26,1) (10,27,1)
LINE#322 (25,15,2) (25,14,3)
LINE#323 (21,6,3) (25,5,3)
LINE#324 (6,8,2) (2,7,2)
LINE#325 (28,6,3) (28,7,3)
LINE#326 (25,10,3) (26,10,3)
LINE#327 (28,21,3) (28,23,3)
LINE#328 (37,7,1) (34,7,1)
LINE#329 (7,10,3) (7,12,3)
LINE#330 (29,11,2) (29,9,1)
LINE#331 (32,37,2) (34,37,2)
LINE#332 (12,19,1) (11,18,1)
LINE#333 (33,9,1) (35,11,1)
LINE#334 (34,11,2) (33,11,3)
LINE#335 (24,15,2) (26,14,2)
LINE#336 (39,9,3) (38,10,3)
LINE#337 (37,33,1) (36,34,1)
LINE#338 (34,6,3) (33,6,3)
LINE#339 (12,7,2) (13,7,2)
LINE#340 (12,13,3) (13,13,3)
LINE#341 (19,16,1) (19,14,1)
LINE#342 (6,14,3) (6,15,3)
LINE#343 (27,6,2) (27,7,2)
LINE#344 (9,19,2) (8,19,2)
LINE#345 (13,37,3) (13,36,3)
LINE#346 (34,8,3) (35,9,3)
LINE#347 (12,2,2) (12,3,2)
LINE#348 (0,22,2) (1,22,1)
LINE#349 (39,0,3) (38,0,3)
LINE#350 (28,15,3) (27,14,3)
LINE#351 (14,26,3) (13,24,3)
LINE#352 (13,20,3) (12,20,3)
LINE#353 (2,39,1) (3,39,2)
LINE#354 (37,3,3) (37,4,3)
LINE#355 (33,24,3) (31,24,3)
LINE#356 (10,34,2) (10,34,1)
LINE#357 (8,31,3) (9,32,3)
LINE#358 (34,23,1) (33,23,2)
LINE#359 (13,21,1) (13,22,1)
LINE#360 (10,22,1) (11,22,1)
LINE#361 (10,8,3) (10,10,3)
LINE#362 (21,13,1) (20,13,1)
LINE#363 (18,17,2) (18,18,2)
LINE#364 (23,22,3) (23,23,3)
LINE#365 (11,17,2) (9,17,2)
LINE#366 (1,1,3) (2,1,3)
LINE#367 (35,24,3) (36,24,3)
LINE#368 (9,2,1) (8,2,1)
LINE#369 (25,12,2) (25,11,2)
LINE#370 (31,34,1) (32,34,1)
LINE#371 (2,5,2) (2,5,3)
LINE#372 (34,13,1) (34,14,1)
LINE#373 (33,13,3) (32,13,3)
LINE#374 (6,13,2) (6,12,2)
LINE#375 (4,2,1) (5,2,1)
LINE#376 (36,16,3) (35,16,3)
LINE#377 (4,10,2) (5,10,2)
LINE#378 (3,26,1) (3,27,1)
LINE#379 (32,29,1) (31,29,1)
LINE#380 (2,32,2) (2,33,2)
LINE#381 (28,17,3) (27,17,3)
LINE#382 (38,18,2) (38,17,2)
LINE#383 (39,38,2) (39,37,2)
LINE#384 (1,37,3) (2,37,3)
LINE#385 (36,38,1) (37,38,1)
LINE#386 (0,1,1) (0,2,1)
LINE#387 (16,12,1) (17,12,1)
LINE#388 (18,21,1) (18,22,1)
LINE#389 (1,13,1) (1,14,1)
LINE#390 (38,9,2) (37,9,2)
LINE#391 (12,4,1) (13,4,1)
LINE#392 (7,31,2) (6,31,2)
LINE#393 (30,16,1) (30,15,1)
LINE#394 (35,35,1) (34,35,1)
LINE#395 (32,3,2) (32,2,2)
LINE#396 (2,12,2) (2,13,2)
LINE#397 (24,39,3) (25,39,3)
LINE#398 (12,32,2) (12,32,3)
LINE#399 (17,27,3) (17,28,3)
LINE#400 (8,24,3) (7,24,3)
LINE#401 (14,6,3) (14,7,3)
LINE#402 (33,39,3) (34,39,3)
LINE#403 (33,28,3) (34,28,3)
LINE#404 (3,15,2) (2,15,2)
LINE#405 (29,12,3) (28,12,3)
LINE#406 (7,27,1) (7,26,1)
LINE#407 (18,4,2) (19,4,2)
LINE#408 (35,31,2) (35,30,2)
LINE#409 (13,10,2) (13,10,1)
LINE#410 (7,5,2) (8,5,2)
LINE#411 (32,5,2) (32,6,2)
LINE#412 (24,32,2) (24,33,2)
LINE#413 (15,28,2) (15,29,2)
LINE#414 (2,34,3) (3,34,3)
LINE#415 (8,29,1) (8,29,2)
LINE#416 (38,3,1) (38,4,1)
LINE#417 (22,11,2) (22,10,2)
LINE#418 (23,2,2) (23,1,2)
LINE#419 (10,1,2) (10,2,2)
LINE#420 (1,26,1) (0,26,1)
LINE#421 (1,32,1) (0,32,1)
LINE#422 (6,4,1) (6,3,1)
LINE#423 (30,20,3) (30,19,3)
LINE#424 (29,28,2) (30,28,2)
LINE#425 (31,7,3) (31,6,3)
LINE#426 (30,39,3) (31,39,3)
