SIZE 40X40X2
LINE_NUM 150
LINE#1 (0,0,1) (39,0,1)
LINE#2 (1,0,1) (38,0,1)
LINE#3 (2,0,1) (37,0,1)
LINE#4 (3,0,1) (36,0,1)
LINE#5 (4,0,1) (35,0,1)
LINE#6 (5,0,1) (34,0,1)
LINE#7 (6,0,1) (33,0,1)
LINE#8 (7,0,1) (32,0,1)
LINE#9 (8,0,1) (31,0,1)
LINE#10 (9,0,1) (30,0,1)
LINE#11 (10,0,1) (29,0,1)
LINE#12 (11,0,1) (28,0,1)
LINE#13 (12,0,1) (27,0,1)
LINE#14 (13,0,1) (26,0,1)
LINE#15 (14,0,1) (25,0,1)
LINE#16 (15,0,1) (24,0,1)
LINE#17 (16,0,1) (23,0,1)
LINE#18 (17,0,1) (22,0,1)
LINE#19 (18,0,1) (21,0,1)
LINE#20 (19,0,1) (20,0,1)
LINE#21 (0,1,1) (0,38,1)
LINE#22 (0,2,1) (0,37,1)
LINE#23 (0,3,1) (0,36,1)
LINE#24 (0,4,1) (0,35,1)
LINE#25 (0,5,1) (0,34,1)
LINE#26 (0,6,1) (0,33,1)
LINE#27 (0,7,1) (0,32,1)
LINE#28 (0,8,1) (0,31,1)
LINE#29 (0,9,1) (0,30,1)
LINE#30 (0,10,1) (0,29,1)
LINE#31 (0,11,1) (0,28,1)
LINE#32 (0,12,1) (0,27,1)
LINE#33 (0,13,1) (0,26,1)
LINE#34 (0,14,1) (0,25,1)
LINE#35 (0,15,1) (0,24,1)
LINE#36 (0,16,1) (0,23,1)
LINE#37 (0,17,1) (0,22,1)
LINE#38 (0,18,1) (0,21,1)
LINE#39 (0,19,1) (0,20,1)
LINE#40 (0,39,1) (39,39,1)
LINE#41 (1,39,1) (38,39,1)
LINE#42 (2,39,1) (37,39,1)
LINE#43 (3,39,1) (36,39,1)
LINE#44 (4,39,1) (35,39,1)
LINE#45 (5,39,1) (34,39,1)
LINE#46 (6,39,1) (33,39,1)
LINE#47 (7,39,1) (32,39,1)
LINE#48 (8,39,1) (31,39,1)
LINE#49 (9,39,1) (30,39,1)
LINE#50 (10,39,1) (29,39,1)
LINE#51 (11,39,1) (28,39,1)
LINE#52 (12,39,1) (27,39,1)
LINE#53 (13,39,1) (26,39,1)
LINE#54 (14,39,1) (25,39,1)
LINE#55 (15,39,1) (24,39,1)
LINE#56 (16,39,1) (23,39,1)
LINE#57 (17,39,1) (22,39,1)
LINE#58 (18,39,1) (21,39,1)
LINE#59 (19,39,1) (20,39,1)
LINE#60 (39,1,1) (39,38,1)
LINE#61 (39,2,1) (39,37,1)
LINE#62 (39,3,1) (39,36,1)
LINE#63 (39,4,1) (39,35,1)
LINE#64 (39,5,1) (39,34,1)
LINE#65 (39,6,1) (39,33,1)
LINE#66 (39,7,1) (39,32,1)
LINE#67 (39,8,1) (39,31,1)
LINE#68 (39,9,1) (39,30,1)
LINE#69 (39,10,1) (39,29,1)
LINE#70 (39,11,1) (39,28,1)
LINE#71 (39,12,1) (39,27,1)
LINE#72 (39,13,1) (39,26,1)
LINE#73 (39,14,1) (39,25,1)
LINE#74 (39,15,1) (39,24,1)
LINE#75 (39,16,1) (39,23,1)
LINE#76 (39,17,1) (39,22,1)
LINE#77 (39,18,1) (39,21,1)
LINE#78 (39,19,1) (39,20,1)
LINE#79 (10,10,1) (29,10,1)
LINE#80 (11,10,1) (28,10,1)
LINE#81 (12,10,1) (27,10,1)
LINE#82 (13,10,1) (26,10,1)
LINE#83 (14,10,1) (25,10,1)
LINE#84 (15,10,1) (24,10,1)
LINE#85 (16,10,1) (23,10,1)
LINE#86 (17,10,1) (22,10,1)
LINE#87 (18,10,1) (21,10,1)
LINE#88 (19,10,1) (20,10,1)
LINE#89 (10,11,1) (10,28,1)
LINE#90 (10,12,1) (10,27,1)
LINE#91 (10,13,1) (10,26,1)
LINE#92 (10,14,1) (10,25,1)
LINE#93 (10,15,1) (10,24,1)
LINE#94 (10,16,1) (10,23,1)
LINE#95 (10,17,1) (10,22,1)
LINE#96 (10,18,1) (10,21,1)
LINE#97 (10,19,1) (10,20,1)
LINE#98 (10,29,1) (29,29,1)
LINE#99 (11,29,1) (28,29,1)
LINE#100 (12,29,1) (27,29,1)
LINE#101 (13,29,1) (26,29,1)
LINE#102 (14,29,1) (25,29,1)
LINE#103 (15,29,1) (24,29,1)
LINE#104 (16,29,1) (23,29,1)
LINE#105 (17,29,1) (22,29,1)
LINE#106 (18,29,1) (21,29,1)
LINE#107 (19,29,1) (20,29,1)
LINE#108 (29,11,1) (29,28,1)
LINE#109 (29,12,1) (29,27,1)
LINE#110 (29,13,1) (29,26,1)
LINE#111 (29,14,1) (29,25,1)
LINE#112 (29,15,1) (29,24,1)
LINE#113 (29,16,1) (29,23,1)
LINE#114 (29,17,1) (29,22,1)
LINE#115 (29,18,1) (29,21,1)
LINE#116 (29,19,1) (29,20,1)
LINE#117 (15,15,1) (24,15,1)
LINE#118 (16,15,1) (23,15,1)
LINE#119 (17,15,1) (22,15,1)
LINE#120 (18,15,1) (21,15,1)
LINE#121 (19,15,1) (20,15,1)
LINE#122 (15,16,1) (15,23,1)
LINE#123 (15,17,1) (15,22,1)
LINE#124 (15,18,1) (15,21,1)
LINE#125 (15,19,1) (15,20,1)
LINE#126 (15,24,1) (24,24,1)
LINE#127 (16,24,1) (23,24,1)
LINE#128 (17,24,1) (22,24,1)
LINE#129 (18,24,1) (21,24,1)
LINE#130 (19,24,1) (20,24,1)
LINE#131 (24,16,1) (24,23,1)
LINE#132 (24,17,1) (24,22,1)
LINE#133 (24,18,1) (24,21,1)
LINE#134 (24,19,1) (24,20,1)
LINE#135 (17,18,1) (22,18,1)
LINE#136 (18,18,1) (21,18,1)
LINE#137 (19,18,1) (20,18,1)
LINE#138 (17,19,1) (17,20,1)
LINE#139 (17,21,1) (22,21,1)
LINE#140 (18,21,1) (21,21,1)
LINE#141 (19,21,1) (20,21,1)
LINE#142 (22,19,1) (22,20,1)
LINE#143 (9,10,2) (9,29,2)
LINE#144 (30,10,2) (30,29,2)
LINE#145 (14,15,2) (14,24,2)
LINE#146 (25,15,2) (25,24,2)
LINE#147 (17,17,2) (22,17,2)
LINE#148 (17,19,2) (22,19,2)
LINE#149 (17,20,2) (22,20,2)
LINE#150 (17,22,2) (22,22,2)
