SIZE 40X40X3
LINE_NUM 80
LINE#1 (0,0,1) (39,0,1)
LINE#2 (0,1,1) (39,1,1)
LINE#3 (0,2,1) (39,2,1)
LINE#4 (0,3,1) (39,3,1)
LINE#5 (0,4,1) (39,4,1)
LINE#6 (0,5,1) (39,5,1)
LINE#7 (0,6,1) (39,6,1)
LINE#8 (0,7,1) (39,7,1)
LINE#9 (0,8,1) (39,8,1)
LINE#10 (0,9,1) (39,9,1)
LINE#11 (0,10,1) (39,10,1)
LINE#12 (0,11,1) (39,11,1)
LINE#13 (0,12,1) (39,12,1)
LINE#14 (0,13,1) (39,13,1)
LINE#15 (0,14,1) (39,14,1)
LINE#16 (0,15,1) (39,15,1)
LINE#17 (0,16,1) (39,16,1)
LINE#18 (0,17,1) (39,17,1)
LINE#19 (0,18,1) (39,18,1)
LINE#20 (0,19,1) (39,19,1)
LINE#21 (0,20,1) (39,20,1)
LINE#22 (0,21,1) (39,21,1)
LINE#23 (0,22,1) (39,22,1)
LINE#24 (0,23,1) (39,23,1)
LINE#25 (0,24,1) (39,24,1)
LINE#26 (0,25,1) (39,25,1)
LINE#27 (0,26,1) (39,26,1)
LINE#28 (0,27,1) (39,27,1)
LINE#29 (0,28,1) (39,28,1)
LINE#30 (0,29,1) (39,29,1)
LINE#31 (0,30,1) (39,30,1)
LINE#32 (0,31,1) (39,31,1)
LINE#33 (0,32,1) (39,32,1)
LINE#34 (0,33,1) (39,33,1)
LINE#35 (0,34,1) (39,34,1)
LINE#36 (0,35,1) (39,35,1)
LINE#37 (0,36,1) (39,36,1)
LINE#38 (0,37,1) (39,37,1)
LINE#39 (0,38,1) (39,38,1)
LINE#40 (0,39,1) (39,39,1)
LINE#41 (1,0,1) (1,39,1)
LINE#42 (5,0,1) (5,39,1)
LINE#43 (9,0,1) (9,39,1)
LINE#44 (13,0,1) (13,39,1)
LINE#45 (17,0,1) (17,39,1)
LINE#46 (21,0,1) (21,39,1)
LINE#47 (25,0,1) (25,39,1)
LINE#48 (29,0,1) (29,39,1)
LINE#49 (33,0,1) (33,39,1)
LINE#50 (37,0,1) (37,39,1)
LINE#51 (1,0,2) (1,39,2)
LINE#52 (3,0,2) (3,39,2)
LINE#53 (5,0,2) (5,39,2)
LINE#54 (7,0,2) (7,39,2)
LINE#55 (9,0,2) (9,39,2)
LINE#56 (11,0,2) (11,39,2)
LINE#57 (13,0,2) (13,39,2)
LINE#58 (15,0,2) (15,39,2)
LINE#59 (17,0,2) (17,39,2)
LINE#60 (19,0,2) (19,39,2)
LINE#61 (21,0,2) (21,39,2)
LINE#62 (23,0,2) (23,39,2)
LINE#63 (25,0,2) (25,39,2)
LINE#64 (27,0,2) (27,39,2)
LINE#65 (29,0,2) (29,39,2)
LINE#66 (31,0,2) (31,39,2)
LINE#67 (33,0,2) (33,39,2)
LINE#68 (35,0,2) (35,39,2)
LINE#69 (37,0,2) (37,39,2)
LINE#70 (39,0,2) (39,39,2)
LINE#71 (3,0,3) (3,39,3)
LINE#72 (7,0,3) (7,39,3)
LINE#73 (11,0,3) (11,39,3)
LINE#74 (15,0,3) (15,39,3)
LINE#75 (19,0,3) (19,39,3)
LINE#76 (23,0,3) (23,39,3)
LINE#77 (27,0,3) (27,39,3)
LINE#78 (31,0,3) (31,39,3)
LINE#79 (35,0,3) (35,39,3)
LINE#80 (39,0,3) (39,39,3)
